-12.618	-2.80155	0.11081	0.127057	0.114976	0.131223	0.234534	0.156217	0.125182
2.41487	-9.01073	0.0515958	0.0516813	0.053136	0.0483443	0.051938	0.0675965	0.675708
1.14577	9.78238	0.099984	0.102512	0.335176	0.163007	0.0958774	0.103301	0.100142
6.81668	-10.1616	0.100983	0.126456	0.104985	0.118996	0.110626	0.122999	0.314956
-1.22112	13.4729	0.109919	0.124152	0.176264	0.195752	0.137946	0.126341	0.129626
11.2219	-3.2432	0.102811	0.29105	0.119268	0.110022	0.123151	0.116864	0.136834
9.50495	13.1654	0.114687	0.166465	0.187999	0.136221	0.12001	0.140818	0.133801
-4.03026	0.947229	0.264493	0.0954775	0.0742737	0.126118	0.270376	0.0921681	0.0770927
4.71772	-0.586232	0.15275	0.447983	0.0774227	0.0701936	0.0843373	0.068308	0.0990048
2.78726	-17.5067	0.113714	0.140563	0.131614	0.131614	0.130561	0.169518	0.182416
5.32999	-2.86766	0.119918	0.29883	0.0822777	0.0819158	0.0904815	0.0814332	0.245144
-8.63817	-1.62527	0.0412485	0.0409534	0.0418388	0.0430932	0.738194	0.0548997	0.0397727
12.0369	7.5301	0.122763	0.169422	0.175311	0.139751	0.133862	0.130464	0.128426
-13.1622	3.69108	0.11195	0.13705	0.122168	0.159707	0.207686	0.139716	0.121724
-15.8382	-4.30628	0.112784	0.141165	0.119694	0.146101	0.191017	0.156959	0.13228
-1.11836	15.9343	0.118189	0.137845	0.167206	0.176412	0.137099	0.124409	0.13884
10.2075	2.68054	0.0813376	0.421729	0.117406	0.0912676	0.094334	0.0962327	0.0976927
-3.8616	0.256542	0.302065	0.0970717	0.074437	0.101505	0.255513	0.0953215	0.0740869
-12.5705	-3.25571	0.1196	0.125559	0.120238	0.131305	0.227708	0.147691	0.127899
-15.0106	3.25397	0.11819	0.142954	0.135074	0.155561	0.182575	0.143179	0.122467
3.46101	1.75795	0.318762	0.175975	0.158018	0.0818577	0.0931269	0.0849535	0.0873066
3.71239	15.3184	0.118903	0.147052	0.179568	0.149236	0.136132	0.143169	0.12594
9.50287	13.925	0.111874	0.15103	0.181541	0.155352	0.133486	0.137046	0.129672
1.5235	-6.93707	0.0538007	0.0488817	0.0474214	0.0500346	0.0444239	0.0815463	0.673891
3.61151	6.42415	0.0439811	0.050561	0.74671	0.0442582	0.0371936	0.0416955	0.0356005
9.95169	7.05493	0.11833	0.178411	0.211202	0.133605	0.115886	0.121792	0.120774
7.50029	3.62066	0.0898934	0.374048	0.194896	0.0841798	0.0882427	0.0916709	0.0770696
6.19066	-4.18095	0.100551	0.193125	0.081896	0.0863545	0.0814267	0.0824826	0.374164
-12.854	-12.6999	0.112398	0.13214	0.142406	0.133983	0.166096	0.179521	0.133456
2.88725	-13.8676	0.122328	0.13347	0.133925	0.12915	0.128922	0.157799	0.194407
8.3283	8.26862	0.103304	0.141794	0.288853	0.119099	0.118736	0.11329	0.114924
-6.77275	-12.7988	0.119248	0.125221	0.130752	0.123672	0.15	0.209735	0.141372
-9.66129	-11.6133	0.117605	0.118313	0.136931	0.126326	0.153429	0.198916	0.14848
-5.34189	7.00217	0.0389013	0.0374631	0.0404832	0.750701	0.0509815	0.0399079	0.0415618
-4.7074	8.04647	0.0376337	0.0398006	0.0434123	0.756501	0.0425455	0.040234	0.0398729
-11.1795	13.6073	0.109448	0.119773	0.147135	0.187919	0.16572	0.134486	0.135519
-10.1956	-10.5179	0.112083	0.124187	0.140103	0.136292	0.160054	0.181125	0.146156
17.465	-2.79421	0.117541	0.183932	0.146474	0.134591	0.13924	0.120641	0.157582
6.64871	9.18982	0.0809538	0.103621	0.441124	0.0969975	0.0875773	0.0943481	0.0953781
-0.965011	4.26627	0.229396	0.0822927	0.131369	0.287462	0.086039	0.0789211	0.10452
17.6041	-0.318472	0.105804	0.183873	0.154083	0.129173	0.138932	0.127889	0.160246
0.450836	13.9444	0.11845	0.137707	0.181594	0.182714	0.130766	0.123824	0.124944
17.3539	-3.27326	0.104372	0.175137	0.152459	0.125956	0.142896	0.144262	0.154918
-11.5854	11.1393	0.112147	0.129325	0.142577	0.178405	0.162699	0.133742	0.141104
-2.69036	-14.0832	0.119303	0.128463	0.132931	0.126229	0.142091	0.191019	0.159964
-3.11188	11.4349	0.100226	0.111907	0.140166	0.289751	0.120573	0.112095	0.125283
0.732073	5.90149	0.116424	0.0701932	0.420029	0.163898	0.0713235	0.0838702	0.0742624
14.533	8.99482	0.117365	0.16002	0.168854	0.136042	0.150177	0.129985	0.137557
12.8645	-4.6792	0.115246	0.203879	0.140054	0.122012	0.138476	0.122914	0.15742
1.45928	17.2501	0.118142	0.137535	0.173514	0.163817	0.131921	0.135239	0.139832
-0.955252	-2.96578	0.504816	0.0609348	0.0745209	0.0585016	0.0765488	0.136571	0.088107
1.53026	9.82364	0.0964568	0.0975166	0.362962	0.150364	0.0928224	0.0961537	0.103725
6.91894	-6.41129	0.060982	0.0897531	0.0656728	0.0647348	0.0595227	0.0697381	0.589597
16.7776	-2.39522	0.11892	0.175197	0.148969	0.131907	0.133435	0.127578	0.163993
14.4625	-1.19448	0.112503	0.209064	0.138465	0.124801	0.139376	0.122751	0.15304
-0.238134	-11.8357	0.123519	0.128138	0.121109	0.122113	0.113677	0.198634	0.19281
-6.07424	0.979704	0.06718	0.0455446	0.0393106	0.0617528	0.698863	0.047158	0.0401907
-12.5416	5.28702	0.117011	0.133333	0.125057	0.165287	0.195172	0.133793	0.130345
0.693569	1.758	0.715275	0.0467006	0.0635863	0.0520701	0.0414724	0.0440865	0.0368094
-5.47136	17.1243	0.122373	0.137005	0.148178	0.182495	0.147114	0.130088	0.132748
-12.9258	-9.90243	0.118312	0.126853	0.148455	0.133635	0.167043	0.167797	0.137905
-8.36698	-2.04101	0.0479541	0.042218	0.042218	0.041912	0.723595	0.0614149	0.0406883
10.387	11.8191	0.115078	0.161158	0.188179	0.147889	0.122799	0.132931	0.131966
-5.75327	6.07662	0.0421313	0.0427299	0.0457981	0.728878	0.0600165	0.0407842	0.0396618
8.38363	3.60945	0.0854654	0.393302	0.160482	0.0889484	0.0921633	0.0922974	0.087341
11.4003	7.6121	0.122407	0.169364	0.188284	0.129246	0.132893	0.127422	0.130385
16.1491	-0.283327	0.10972	0.193176	0.146294	0.127884	0.135739	0.125184	0.162003
-9.24537	13.9968	0.114328	0.129556	0.139541	0.190464	0.158263	0.137044	0.130804
5.25757	-10.9087	0.098293	0.120755	0.102426	0.119497	0.105301	0.123989	0.329739
-10.0652	10.7375	0.108058	0.132533	0.145694	0.191873	0.160471	0.126299	0.135073
-1.12633	16.9229	0.116698	0.139984	0.170151	0.166975	0.143953	0.126488	0.13575
-1.12804	1.22719	0.732351	0.0402105	0.0420351	0.0575439	0.0479298	0.0381052	0.0418246
4.3982	8.04028	0.0405161	0.0417482	0.756179	0.0416032	0.0394288	0.0405885	0.0399362
-3.83241	-7.61918	0.0421588	0.0374195	0.0394002	0.0384098	0.0417344	0.751291	0.0495862
8.55255	-1.61271	0.0423976	0.736583	0.0444875	0.0420243	0.0406061	0.0384414	0.0554602
0.585841	1.05649	0.738791	0.0460598	0.0512228	0.0445652	0.0368886	0.0434103	0.0390625
4.33191	-14.0212	0.124274	0.143786	0.125668	0.132869	0.121719	0.163298	0.188386
-2.62579	5.28872	0.0676872	0.0380877	0.0491149	0.70814	0.0500581	0.0375798	0.0493326
1.83558	1.6879	0.674046	0.0628911	0.0803348	0.0449781	0.0416928	0.0478723	0.0481852
7.86829	14.4411	0.116893	0.145253	0.192848	0.148952	0.132922	0.133909	0.129223
15.7726	-5.53606	0.118061	0.179101	0.146697	0.124592	0.142678	0.129616	0.159257
-10.6147	-4.80079	0.109156	0.131699	0.12102	0.117461	0.229385	0.169666	0.121614
-9.7605	10.2817	0.118994	0.118767	0.143699	0.206709	0.154805	0.12466	0.132366
-12.1422	-8.82285	0.120426	0.132299	0.13763	0.138842	0.162346	0.167434	0.141023
-16.7731	-1.90398	0.113046	0.136261	0.131718	0.146858	0.188494	0.156952	0.126672
1.55167	15.005	0.114139	0.144188	0.182856	0.160028	0.1372	0.134405	0.127184
6.61671	9.13288	0.0787482	0.102032	0.442681	0.104108	0.0940233	0.092392	0.0860152
3.4605	-2.55197	0.25163	0.160105	0.0897692	0.0885156	0.0862587	0.0901454	0.233576
16.4788	-5.39835	0.119678	0.178089	0.129543	0.130581	0.150311	0.138629	0.153167
15.2128	6.80689	0.11506	0.168738	0.168489	0.130219	0.145626	0.124503	0.147366
11.8575	-9.78753	0.112605	0.156543	0.127011	0.151741	0.129172	0.147899	0.17503
11.6159	9.36545	0.110792	0.160325	0.194305	0.143096	0.130175	0.127303	0.134003
5.59542	-9.29298	0.0611122	0.0720027	0.0559314	0.0595263	0.0628042	0.0684079	0.620215
-7.11261	15.398	0.112105	0.132737	0.161074	0.185185	0.150634	0.117823	0.140442
8.11917	8.51026	0.101101	0.137751	0.307095	0.11753	0.107962	0.120419	0.108142
16.5082	5.0826	0.117085	0.175498	0.161799	0.122512	0.148359	0.129491	0.145257
1.04563	-1.25055	0.735218	0.0488195	0.0383035	0.0406713	0.0393482	0.0406713	0.0569677
2.45795	-9.51015	0.0678365	0.0653618	0.0700868	0.0668244	0.0718866	0.0941612	0.563843
0.214402	1.7178	0.730681	0.0434027	0.0552271	0.0501496	0.041316	0.0427071	0.0365167
-5.97093	-3.5522	0.101049	0.0926082	0.0838055	0.0869409	0.248402	0.300494	0.0866996
-13.3575	-0.753837	0.107806	0.129114	0.114557	0.147257	0.242405	0.135865	0.122996
4.6317	5.60922	0.0452756	0.0539229	0.738189	0.0437992	0.0364173	0.043518	0.038878
1.57212	-5.85184	0.0744436	0.0497347	0.0467253	0.0548824	0.0493387	0.0792746	0.645601
3.37725	-1.53996	0.353272	0.170887	0.0880732	0.0833026	0.0895414	0.0736392	0.141284
11.2329	12.0011	0.117588	0.161999	0.172344	0.158718	0.125158	0.13727	0.126924
1.30556	1.37959	0.720045	0.0519243	0.0623373	0.0430592	0.0386266	0.0420742	0.0419334
-4.72643	-14.6549	0.115684	0.135168	0.141013	0.128592	0.142474	0.179737	0.157331
5.21464	1.4202	0.109226	0.538346	0.0991936	0.0603788	0.0712545	0.0557845	0.0658166
-9.53053	-11.8957	0.117429	0.126907	0.145169	0.121128	0.160425	0.19117	0.137772
15.9068	-3.66785	0.113431	0.180332	0.15669	0.126509	0.142354	0.129276	0.151408
4.21394	16.0438	0.117231	0.13997	0.188984	0.146539	0.134917	0.139717	0.132643
-7.50074	-5.90315	0.0868113	0.0957152	0.0930719	0.0856983	0.150946	0.395938	0.0918195
-13.2252	0.356831	0.11032	0.132929	0.11367	0.141093	0.250157	0.13879	0.113042
6.94547	-7.39646	0.0614153	0.0947932	0.0687581	0.0659767	0.0738762	0.0706499	0.564531
2.37763	3.83324	0.1882	0.0926168	0.404636	0.0907494	0.0703141	0.0870138	0.0664688
16.3096	-2.23786	0.114258	0.17508	0.146516	0.125585	0.146516	0.132972	0.159074
-12.0833	10.5723	0.114931	0.124509	0.149558	0.180255	0.166994	0.130403	0.13335
-6.32595	6.33141	0.0454619	0.043914	0.0477432	0.699283	0.0681114	0.0484765	0.0470099
-4.39643	-8.31921	0.0389054	0.0404586	0.0398669	0.0403106	0.0440088	0.75355	0.0428994
8.28641	7.10373	0.0950435	0.151592	0.311191	0.109692	0.110373	0.110203	0.111906
6.65158	-12.8064	0.125732	0.140829	0.127986	0.139252	0.115142	0.14466	0.206399
10.6672	5.19216	0.115927	0.212022	0.176038	0.118381	0.131262	0.12431	0.122061
-5.25526	10.1608	0.0808097	0.0926799	0.104702	0.441029	0.0990718	0.0922235	0.0894842
11.8629	2.12383	0.0959189	0.307504	0.129396	0.112093	0.119616	0.110589	0.124882
-9.16993	4.89353	0.105435	0.116064	0.118807	0.19904	0.233842	0.115378	0.111435
1.50188	9.10371	0.0788106	0.0805452	0.46233	0.12404	0.0826516	0.085254	0.0863692
-9.61576	10.4887	0.121069	0.128931	0.138365	0.202156	0.154537	0.119721	0.13522
5.85761	10.2009	0.0927904	0.113485	0.388184	0.111482	0.0931242	0.10998	0.0909547
-2.61835	-14.7615	0.119014	0.12826	0.131342	0.128023	0.154576	0.175439	0.163348
-3.40325	7.05249	0.0405564	0.0369758	0.0477863	0.755285	0.0437237	0.0351167	0.0405564
-4.9256	-2.14743	0.145169	0.0916665	0.085145	0.0786232	0.344324	0.176932	0.0781401
5.01355	-6.64483	0.0383932	0.0520441	0.036118	0.0400995	0.0370423	0.0429434	0.753359
0.531831	14.7602	0.124971	0.125439	0.168032	0.168968	0.135034	0.13948	0.138076
5.93562	-14.9486	0.111832	0.148028	0.123814	0.139291	0.124813	0.161258	0.190964
5.64722	1.93906	0.0906243	0.571838	0.106191	0.0567186	0.0677222	0.0551083	0.0517982
-5.74367	-10.8316	0.105065	0.106502	0.116559	0.100216	0.126078	0.306394	0.139188
-6.44476	12.539	0.126495	0.118077	0.137794	0.222419	0.136021	0.122729	0.136464
2.25714	8.8605	0.0487532	0.044454	0.695873	0.0723993	0.0470335	0.0469475	0.0445399
-2.11652	-2.71733	0.395881	0.0676201	0.0914188	0.0711671	0.0955376	0.191762	0.0866132
6.80019	1.43605	0.0541847	0.713636	0.0638528	0.0368687	0.0453824	0.0394661	0.0466089
-16.1271	-6.99231	0.114973	0.132353	0.135027	0.143048	0.171658	0.162299	0.140642
-2.90759	-6.95899	0.0445569	0.0360335	0.0415771	0.0389439	0.0438639	0.740766	0.0542582
2.20542	6.65503	0.0517526	0.0436528	0.721669	0.0626478	0.0374166	0.0442262	0.0386353
-7.64327	-8.45715	0.0938079	0.0983634	0.103763	0.102581	0.126877	0.370845	0.103763
9.54273	-10.3331	0.122376	0.152747	0.126619	0.127512	0.11925	0.146047	0.205449
2.29427	1.67424	0.621624	0.0781102	0.0943153	0.0517877	0.0493012	0.0537598	0.0511018
-3.00597	-16.8939	0.111428	0.134491	0.135009	0.130345	0.135527	0.180876	0.172324
-6.47433	-14.5752	0.114504	0.124682	0.13486	0.118321	0.149873	0.196947	0.160814
13.4287	-8.06447	0.118706	0.177329	0.140355	0.13695	0.127463	0.131598	0.167599
-9.51388	-11.4909	0.116047	0.131163	0.126977	0.129302	0.161163	0.192558	0.142791
2.18405	-17.5172	0.123709	0.13404	0.132137	0.143284	0.123981	0.169386	0.173464
-4.40638	5.81601	0.0458242	0.0355703	0.043632	0.742027	0.052613	0.0347217	0.0456121
3.00497	-17.3286	0.127441	0.1438	0.121372	0.134829	0.124011	0.171504	0.177045
12.8184	2.88327	0.114139	0.222484	0.15619	0.123364	0.138597	0.114568	0.130659
8.13479	9.74742	0.10896	0.145879	0.261225	0.126122	0.116943	0.121333	0.119537
-12.4128	-4.65467	0.126833	0.131795	0.119068	0.135462	0.207075	0.156601	0.123167
-4.50044	-12.952	0.113294	0.121371	0.129884	0.120716	0.14582	0.220476	0.148439
-12.2503	-9.45755	0.11307	0.125764	0.138693	0.137283	0.169017	0.183827	0.132346
4.22459	8.38161	0.0373873	0.0438384	0.75383	0.0441316	0.0413459	0.0387801	0.0406862
2.53972	11.1118	0.105776	0.116787	0.288087	0.145668	0.111552	0.119495	0.112635
2.72044	14.1327	0.107689	0.140087	0.190965	0.155145	0.125941	0.138033	0.14214
-7.40377	-14.3195	0.110947	0.133825	0.142189	0.125215	0.149323	0.188684	0.149816
1.66989	-14.5954	0.119297	0.135493	0.14302	0.141423	0.123403	0.159215	0.178148
16.027	-1.13018	0.111975	0.187515	0.151081	0.118776	0.144037	0.133835	0.152781
0.931477	-6.44362	0.0895049	0.0642746	0.0613011	0.0705103	0.0585186	0.129317	0.526574
15.5385	-9.22773	0.112878	0.175443	0.134515	0.126955	0.13634	0.142075	0.171794
11.7632	4.42035	0.119208	0.221356	0.160067	0.123842	0.132687	0.121104	0.121735
12.2837	-7.77277	0.112145	0.173569	0.126105	0.139134	0.130759	0.128665	0.189623
-16.0959	-0.862485	0.117411	0.143251	0.126192	0.152283	0.17988	0.156799	0.124185
10.2607	-11.6903	0.112949	0.167769	0.119802	0.148393	0.123819	0.140832	0.186437
-13.3319	3.45086	0.113733	0.14183	0.123399	0.15599	0.207462	0.136435	0.121151
3.02496	7.78807	0.0428869	0.0441822	0.738577	0.0552637	0.0406563	0.0384256	0.0400086
-14.5333	6.9049	0.11246	0.132864	0.133349	0.162497	0.180471	0.155696	0.122662
5.65528	-11.5777	0.103109	0.135005	0.108726	0.132598	0.116349	0.14343	0.260782
-1.44721	10.8182	0.100331	0.116356	0.163386	0.270336	0.117227	0.110085	0.122278
16.2896	-2.61247	0.124138	0.182512	0.14803	0.129557	0.136207	0.12537	0.154187
-17.1681	0.85429	0.110655	0.137612	0.120668	0.160462	0.18819	0.149166	0.133248
-4.95707	2.1715	0.147052	0.0934171	0.0853659	0.17748	0.334241	0.0750652	0.0873787
1.18999	-18.0093	0.11123	0.130701	0.135236	0.131502	0.139237	0.168578	0.183516
13.9819	1.92621	0.116921	0.206014	0.152379	0.12298	0.136221	0.119614	0.145871
-5.91313	14.7993	0.111302	0.122579	0.155675	0.187546	0.150527	0.129198	0.143172
5.66247	-16.3081	0.121732	0.137109	0.135572	0.138903	0.124808	0.157868	0.184008
11.8534	-11.7344	0.111333	0.15937	0.124844	0.143358	0.130098	0.144608	0.18639
-5.46908	-7.57112	0.0411236	0.0423221	0.0385019	0.0394007	0.0477153	0.751686	0.0392509
-11.9594	7.73823	0.117107	0.135247	0.13364	0.178416	0.166016	0.13364	0.135936
9.60152	14.8502	0.110601	0.155963	0.180938	0.148318	0.12844	0.148063	0.127676
11.6923	-7.3994	0.117983	0.170927	0.129165	0.123231	0.13236	0.142629	0.183706
0.246441	14.7618	0.128115	0.131641	0.176305	0.174424	0.128115	0.134697	0.126704
9.71327	1.62215	0.045379	0.710605	0.058012	0.0482048	0.0490359	0.0403091	0.0484541
2.28644	-5.0396	0.082631	0.0536948	0.0427584	0.0520999	0.0430621	0.0659986	0.659755
-9.41525	-5.42001	0.112186	0.119534	0.112545	0.121864	0.20448	0.201613	0.127778
9.45415	-5.46872	0.112315	0.202059	0.124774	0.118996	0.112676	0.119357	0.209823
6.70858	1.32824	0.0503818	0.718832	0.0615143	0.0393206	0.0488832	0.0361807	0.0448869
-11.4912	-11.4923	0.106283	0.123914	0.131115	0.145518	0.159672	0.17631	0.157189
-2.89573	11.6014	0.1032	0.112479	0.149972	0.268699	0.12081	0.118349	0.126491
5.78781	11.655	0.110151	0.134472	0.261105	0.135879	0.115779	0.126432	0.116181
9.64096	-12.9816	0.112624	0.158168	0.137871	0.141089	0.125495	0.143069	0.181683
-3.28714	-11.2596	0.101193	0.109952	0.11722	0.112188	0.114424	0.300969	0.144055
-8.93268	-2.84472	0.0670342	0.0645947	0.0684131	0.0651253	0.568626	0.0968392	0.0693678
6.56202	-1.31444	0.0577388	0.718781	0.042432	0.0388723	0.0422184	0.0375907	0.0623665
0.80392	-17.3095	0.107215	0.138974	0.141768	0.139482	0.132368	0.168445	0.171748
-4.0829	12.1986	0.112515	0.118318	0.14339	0.243887	0.136138	0.121218	0.124534
3.46513	7.6227	0.0413724	0.0409444	0.757258	0.0498609	0.0350239	0.0392325	0.0363079
16.7128	6.56032	0.119111	0.176019	0.155638	0.133933	0.140021	0.13711	0.138168
12.43	9.22161	0.11532	0.17036	0.174649	0.13605	0.135096	0.141291	0.127234
11.5269	-0.110303	0.0783225	0.426303	0.105304	0.0872651	0.0992906	0.0903485	0.113167
5.21866	-2.79767	0.13238	0.289818	0.0837307	0.0861753	0.0957094	0.0781079	0.234079
7.52634	-14.8523	0.110174	0.153846	0.135484	0.142184	0.132258	0.151365	0.17469
-0.936968	13.6909	0.113697	0.121676	0.172207	0.197695	0.1332	0.13187	0.129654
-4.66262	14.1765	0.120156	0.128182	0.150883	0.194909	0.137583	0.121532	0.146755
-10.5326	12.9543	0.110836	0.14059	0.143813	0.184726	0.151004	0.135631	0.1334
2.0291	14.9387	0.120759	0.132859	0.173666	0.162752	0.134045	0.140688	0.135231
-14.116	7.49293	0.113252	0.143469	0.131335	0.167261	0.171068	0.140852	0.132762
-10.0227	3.68695	0.100166	0.109453	0.107629	0.149088	0.310448	0.108789	0.114428
1.6204	-9.86597	0.0819549	0.0935339	0.105263	0.1	0.0968422	0.142406	0.38
17.3175	-5.39684	0.114943	0.175087	0.134991	0.135793	0.144079	0.136595	0.158514
2.35755	16.418	0.122719	0.146214	0.165709	0.171457	0.123219	0.142214	0.128468
11.8811	5.87863	0.119649	0.185146	0.172945	0.133348	0.127568	0.127354	0.13399
-9.33139	-6.94076	0.109918	0.125732	0.121632	0.119289	0.169855	0.234283	0.119289
5.30841	-12.213	0.104082	0.130797	0.113486	0.140415	0.115623	0.155161	0.240436
-2.57677	-15.3561	0.114166	0.128161	0.132826	0.130862	0.142892	0.188804	0.162288
-2.31671	3.64626	0.216359	0.074911	0.0882186	0.358724	0.0923482	0.0726166	0.0968222
-5.76181	-12.2998	0.114628	0.122113	0.134089	0.120402	0.140932	0.230753	0.137083
-15.5995	-2.43262	0.115106	0.142133	0.123311	0.150338	0.195222	0.152751	0.121139
5.41424	-9.04192	0.0472076	0.0632404	0.0457825	0.0495235	0.0518393	0.0540661	0.688341
-2.84595	1.89009	0.424438	0.0719308	0.0750432	0.144899	0.130375	0.0741209	0.0791929
-3.52544	-4.86429	0.0651763	0.0412252	0.0492089	0.0411526	0.0551604	0.699231	0.048846
9.67333	6.25894	0.107958	0.182774	0.216511	0.124826	0.120063	0.124826	0.12304
-1.3091	-3.36099	0.359729	0.0699059	0.0901903	0.0738025	0.088815	0.213385	0.104172
-10.8371	9.35237	0.117809	0.118267	0.143938	0.195508	0.161586	0.128581	0.134311
6.30851	14.4362	0.106647	0.145118	0.193572	0.160701	0.130752	0.139761	0.123448
-5.73081	9.65121	0.0702827	0.0859161	0.0920337	0.487221	0.101142	0.0812944	0.08211
9.03493	-10.9548	0.101785	0.158846	0.135713	0.142322	0.113682	0.137475	0.210178
-8.77888	-14.8569	0.101195	0.123824	0.148996	0.139588	0.154844	0.18027	0.151284
14.8684	2.17704	0.123792	0.186748	0.155388	0.120255	0.142655	0.124027	0.147135
-0.292008	11.4357	0.12039	0.125167	0.182305	0.201414	0.121345	0.121727	0.127651
1.95286	-13.9833	0.117384	0.144937	0.122984	0.141129	0.124104	0.16241	0.187052
11.8825	9.65274	0.127078	0.152494	0.184086	0.147268	0.124703	0.136342	0.128029
-7.17142	0.485231	0.0454984	0.0384086	0.0386839	0.0505231	0.743874	0.0449477	0.0380644
-9.7343	4.04751	0.101012	0.111461	0.109969	0.167192	0.286615	0.104992	0.118759
8.95857	13.0691	0.125971	0.147573	0.191262	0.144417	0.12233	0.13301	0.135437
-2.49463	-17.2621	0.109272	0.127101	0.143912	0.134488	0.142129	0.18161	0.161488
5.49415	10.4338	0.092714	0.111093	0.377584	0.124385	0.0966526	0.101739	0.0958321
-2.30686	-14.1763	0.114148	0.123564	0.134589	0.133211	0.138723	0.184658	0.171107
4.69137	14.6207	0.121823	0.142686	0.184652	0.161391	0.121823	0.139328	0.128297
-8.70405	10.0123	0.116921	0.113156	0.138047	0.227777	0.148295	0.120059	0.135746
14.6025	-9.35494	0.110101	0.163384	0.138384	0.135354	0.142929	0.141162	0.168687
-1.03642	-7.77386	0.0711062	0.0640859	0.0724098	0.0656905	0.0638854	0.531842	0.13098
-2.38774	1.27161	0.648024	0.0495591	0.0480895	0.0762575	0.0831972	0.0484977	0.0463749
-6.38468	4.4291	0.0923674	0.0823405	0.0813966	0.403563	0.181078	0.0743189	0.0849358
12.2347	-6.37834	0.116765	0.193321	0.13562	0.131531	0.126533	0.128805	0.167424
-16.8494	-3.78244	0.112071	0.144802	0.125426	0.140351	0.182509	0.169154	0.125687
-15.3026	-0.0182113	0.117483	0.137683	0.126074	0.152542	0.195031	0.145577	0.12561
-9.84348	-5.05879	0.115018	0.115018	0.113187	0.125641	0.230037	0.189561	0.111539
-8.2343	0.00931151	0.0423635	0.0399447	0.0351071	0.0468556	0.757775	0.0432619	0.0346924
15.2456	-5.02768	0.116392	0.178468	0.1387	0.130213	0.14258	0.125606	0.168041
10.6159	14.3111	0.10815	0.158046	0.18652	0.145768	0.127482	0.142372	0.131661
-12.4692	11.7762	0.111897	0.135893	0.146502	0.17656	0.174539	0.123011	0.131599
-8.4046	1.86941	0.0429535	0.039955	0.035982	0.0601949	0.737406	0.0412294	0.0422789
-6.9685	-14.1215	0.115612	0.130775	0.139777	0.125563	0.149491	0.188818	0.149964
-8.37246	7.25204	0.100565	0.109629	0.116812	0.285959	0.161279	0.109629	0.116128
0.265443	-5.45558	0.157278	0.0864905	0.0857429	0.0945912	0.0813807	0.204636	0.28988
-13.4558	-7.30214	0.117576	0.140753	0.136407	0.132786	0.171656	0.166103	0.134718
-12.9008	8.78391	0.122176	0.128006	0.139665	0.167598	0.16444	0.137236	0.140879
7.45457	-3.00764	0.0734543	0.52979	0.0675371	0.0629464	0.0770251	0.066211	0.123036
10.0314	6.85979	0.116785	0.178433	0.207731	0.123296	0.126144	0.125331	0.122279
-5.89038	-14.8601	0.113569	0.12414	0.136676	0.137168	0.147984	0.184612	0.155851
6.1824	0.368201	0.0562415	0.716937	0.0532439	0.0392549	0.0483192	0.0381129	0.0478909
-3.62372	6.15832	0.0500824	0.034831	0.0435559	0.748351	0.0487772	0.0340066	0.0403957
-14.5372	-6.50562	0.102228	0.14703	0.145297	0.136634	0.171782	0.166832	0.130198
-4.29385	-4.20868	0.0743362	0.0460327	0.0541421	0.0492924	0.0834792	0.641437	0.05128
-7.56939	-13.3079	0.120039	0.124395	0.146418	0.125605	0.136738	0.189497	0.157309
-14.7183	-4.63679	0.110209	0.139237	0.139237	0.137761	0.189176	0.163838	0.120541
-17.6907	-2.27377	0.100232	0.143374	0.131491	0.153965	0.181607	0.16404	0.125291
-12.4073	-0.315282	0.10442	0.119153	0.11105	0.127256	0.297053	0.130939	0.110129
5.78087	-12.9747	0.115929	0.136149	0.123343	0.134352	0.123343	0.156819	0.210065
6.70313	6.53175	0.0523887	0.0728375	0.664043	0.0531125	0.051122	0.053384	0.0531125
6.5315	14.4422	0.114133	0.139874	0.194755	0.158087	0.128946	0.136231	0.127975
-5.76345	13.5251	0.107605	0.132804	0.162316	0.195006	0.142792	0.11941	0.140068
-9.22326	13.1394	0.10877	0.130083	0.147722	0.191328	0.157766	0.125429	0.138902
-14.1699	-1.23545	0.109018	0.132122	0.131225	0.14087	0.217811	0.146927	0.122028
-17.7149	-0.854628	0.120129	0.142435	0.130073	0.152647	0.177909	0.151841	0.124966
-10.512	-6.45506	0.117149	0.131529	0.125396	0.127511	0.175936	0.192853	0.129626
-13.8589	4.88059	0.119635	0.129452	0.13105	0.153881	0.196804	0.147489	0.121689
9.06903	3.97713	0.093716	0.314507	0.174399	0.099302	0.105508	0.104732	0.107835
7.65766	12.0896	0.120686	0.150857	0.202286	0.141714	0.121143	0.138286	0.125029
7.35135	-9.66911	0.10103	0.135443	0.107287	0.121274	0.104527	0.122746	0.307692
-2.14969	-13.4693	0.123279	0.124153	0.133115	0.126776	0.142295	0.193224	0.157158
-11.352	3.62158	0.10815	0.115988	0.11873	0.157523	0.263715	0.124216	0.111677
6.68557	10.6905	0.109296	0.129327	0.289382	0.136523	0.106573	0.122715	0.106184
-13.7506	3.1357	0.117294	0.133541	0.121522	0.156243	0.207434	0.140218	0.123748
-8.17573	-14.1173	0.121743	0.120282	0.13684	0.125396	0.149988	0.193328	0.152423
-9.93113	-1.29052	0.0445313	0.0447811	0.0460297	0.0466955	0.721242	0.0551856	0.0415349
-0.0269875	-17.9003	0.119484	0.135226	0.133677	0.140387	0.138323	0.163613	0.16929
-13.4296	5.00552	0.116935	0.141393	0.12928	0.155835	0.19986	0.138132	0.118565
8.44498	-15.1623	0.108509	0.156388	0.125423	0.138173	0.137653	0.149102	0.184752
4.87764	12.3791	0.116638	0.137436	0.23006	0.147084	0.125	0.134863	0.108919
-5.90628	6.56397	0.0415608	0.0443265	0.043878	0.727463	0.0614441	0.041187	0.0401405
16.4811	-3.75583	0.109231	0.182051	0.140769	0.138718	0.140513	0.13	0.158718
-11.9553	13.3214	0.106967	0.127946	0.149184	0.178192	0.157731	0.125874	0.154105
8.93639	6.38583	0.103856	0.177399	0.245202	0.110493	0.120897	0.119821	0.122332
-2.10008	5.62336	0.0664618	0.0415106	0.0625655	0.687772	0.0521505	0.0413607	0.0481792
10.179	13.7512	0.113784	0.15614	0.175188	0.145113	0.127068	0.150877	0.13183
3.11642	-15.5624	0.117404	0.135877	0.124696	0.127613	0.136364	0.168935	0.18911
15.685	6.05304	0.119829	0.174731	0.164954	0.124843	0.138882	0.132364	0.144397
2.72331	12.7657	0.120177	0.131351	0.211891	0.154333	0.1284	0.131773	0.122075
11.1844	0.801939	0.0743359	0.481628	0.101753	0.0808365	0.0864893	0.0821084	0.0928492
-8.99293	-12.5738	0.0967665	0.125749	0.138443	0.127186	0.162156	0.20503	0.144671
-16.7749	1.47338	0.115443	0.142785	0.127089	0.150633	0.183038	0.151139	0.129874
-15.1796	6.72645	0.11316	0.150548	0.12986	0.160768	0.167498	0.136839	0.141326
2.37137	-2.41589	0.42277	0.109236	0.0698615	0.085049	0.0685115	0.076274	0.168298
-5.79958	15.6562	0.119184	0.120179	0.15377	0.182384	0.148544	0.126648	0.149291
14.5469	4.82882	0.115956	0.178647	0.173698	0.129389	0.13481	0.125383	0.142116
-0.446612	14.7088	0.126977	0.127685	0.17182	0.172528	0.138541	0.132877	0.129573
4.99249	15.0435	0.121795	0.135108	0.180966	0.156065	0.125986	0.146696	0.133383
6.82179	2.31934	0.057047	0.660035	0.0896453	0.0425855	0.0529722	0.0472994	0.0504155
0.70188	-6.70763	0.0885167	0.0687508	0.0721882	0.0851862	0.0744441	0.157912	0.453002
-1.82534	1.35446	0.701829	0.0406964	0.0437082	0.0654522	0.0616322	0.043194	0.0434879
-15.7799	6.1029	0.10844	0.143734	0.136573	0.172379	0.170844	0.138619	0.129412
-1.95862	16.932	0.113875	0.131059	0.159784	0.180046	0.136445	0.13901	0.139779
15.6113	-9.28571	0.117365	0.173913	0.13577	0.140037	0.125634	0.145372	0.16191
9.74749	-2.99278	0.076096	0.434236	0.091874	0.0896398	0.0889416	0.0906173	0.128595
6.4486	-2.94025	0.0927666	0.436263	0.0730889	0.0764407	0.0843336	0.0765489	0.160558
-11.2717	11.3826	0.114502	0.128223	0.142891	0.184055	0.158268	0.134611	0.13745
-16.4236	7.45055	0.121583	0.140588	0.124707	0.168966	0.167404	0.136162	0.140588
7.06577	1.41305	0.0455355	0.728497	0.0602152	0.0379106	0.0428989	0.0399059	0.0450367
8.32279	9.26987	0.102095	0.150295	0.26988	0.122839	0.116128	0.120602	0.118162
1.01639	-8.75271	0.0881864	0.0862665	0.0867786	0.095098	0.0830665	0.153846	0.406758
-4.70462	16.387	0.122721	0.136072	0.156098	0.173813	0.145314	0.128113	0.137869
-7.52866	5.00629	0.102096	0.100821	0.0969981	0.308411	0.191872	0.098839	0.100963
-7.32119	-15.3859	0.112426	0.13275	0.140983	0.128634	0.152817	0.176486	0.155904
-11.9931	-3.45116	0.110174	0.123505	0.125858	0.127622	0.25348	0.150755	0.108606
9.33147	-10.9496	0.110679	0.144295	0.125772	0.140407	0.126	0.140636	0.212211
-5.43322	5.48711	0.0482327	0.0425626	0.0443299	0.714065	0.0686303	0.0394698	0.0427099
-13.6982	4.46998	0.122945	0.14031	0.11762	0.161612	0.196573	0.131512	0.129428
2.95722	-4.3959	0.0963016	0.0605844	0.0463293	0.0597925	0.0428447	0.0551992	0.638948
11.0769	-0.879828	0.0740389	0.5015	0.0846742	0.0804471	0.0830378	0.0824927	0.0938095
-9.04206	10.0471	0.118225	0.118007	0.140953	0.22028	0.139423	0.129589	0.133523
-9.26692	8.01183	0.111778	0.116777	0.126175	0.229354	0.160768	0.126175	0.128974
7.76391	-4.57289	0.100176	0.242424	0.100324	0.105031	0.0988527	0.097823	0.255369
-9.92658	2.65769	0.0717452	0.0767024	0.0785284	0.11401	0.479651	0.0862249	0.0931386
3.10137	-10.8499	0.0998962	0.109056	0.1056	0.113377	0.0959211	0.132043	0.344107
-3.5209	-13.0407	0.11519	0.121345	0.143548	0.123104	0.138932	0.20466	0.15322
1.14552	-0.458361	0.745437	0.049033	0.0403841	0.0408608	0.0359575	0.0394988	0.0488287
8.37657	9.46604	0.107236	0.139306	0.266186	0.133293	0.110243	0.13169	0.112047
-16.5826	0.475154	0.114665	0.133858	0.130167	0.151083	0.18061	0.155266	0.13435
-6.76553	8.31296	0.0693241	0.0783712	0.0813057	0.520846	0.0949992	0.0771488	0.0780046
8.56227	9.00489	0.110846	0.151642	0.256915	0.124378	0.119801	0.12398	0.112438
-5.05545	11.3153	0.0988405	0.104923	0.135146	0.311348	0.128493	0.104543	0.116708
-13.541	11.8538	0.120021	0.126879	0.138222	0.17225	0.172514	0.139013	0.1311
-4.62463	4.94376	0.0541406	0.0383496	0.047082	0.704192	0.0692039	0.0387134	0.048319
0.900846	-10.1161	0.0982696	0.103004	0.110839	0.115573	0.106268	0.182011	0.284035
-11.3966	9.10683	0.117688	0.131452	0.141776	0.183987	0.160358	0.131452	0.133287
8.30165	13.1675	0.126442	0.150721	0.178365	0.144231	0.125721	0.146154	0.128365
-11.2128	6.83349	0.112114	0.12489	0.130396	0.189207	0.180396	0.13304	0.129956
12.5519	-12.2777	0.113607	0.150625	0.136074	0.14169	0.126883	0.146541	0.18458
-6.25895	12.88	0.114241	0.121842	0.153141	0.213056	0.144646	0.118712	0.134362
2.44621	13.7537	0.115308	0.132759	0.19218	0.159708	0.135631	0.140049	0.124365
5.01361	-3.7348	0.106095	0.164141	0.0682577	0.0786841	0.0715899	0.0719124	0.439321
1.06414	11.0243	0.107543	0.123142	0.240044	0.169389	0.12094	0.120756	0.118187
-15.2327	-9.35212	0.107218	0.135932	0.146733	0.146733	0.162276	0.162013	0.139094
-7.21234	-6.33908	0.0794327	0.0826956	0.076421	0.0836994	0.111055	0.480487	0.086209
0.22592	-0.970713	0.752481	0.0403697	0.0388066	0.0396221	0.0394182	0.0415931	0.0477097
1.97246	9.41358	0.0688025	0.0821501	0.497876	0.110545	0.0804513	0.0799659	0.0802089
1.54284	0.231651	0.739888	0.0575869	0.04489	0.0385069	0.0397558	0.0380212	0.0413516
8.92864	-9.77735	0.116723	0.144312	0.122878	0.133913	0.123939	0.134338	0.223896
15.0835	7.48105	0.107569	0.173147	0.161224	0.138673	0.143079	0.135562	0.140746
16.8971	4.97409	0.116114	0.175092	0.153765	0.136914	0.137178	0.137441	0.143497
16.0783	3.87767	0.111084	0.187608	0.150333	0.130338	0.143668	0.129844	0.147124
-4.23563	-10.471	0.0843716	0.0897763	0.100586	0.0939797	0.0978831	0.414502	0.118901
3.63591	11.73	0.105353	0.12993	0.26005	0.152029	0.111259	0.128215	0.113164
5.43807	10.9009	0.0991221	0.118508	0.331748	0.122714	0.106437	0.110461	0.11101
10.4696	12.262	0.113631	0.155368	0.187455	0.138963	0.13655	0.139686	0.128347
-3.04628	0.817274	0.495634	0.0723165	0.0651258	0.0972776	0.133128	0.0751927	0.0613253
16.3298	-0.625687	0.1125	0.183333	0.148774	0.128677	0.145343	0.128431	0.152941
10.3871	1.90022	0.0662547	0.537791	0.090843	0.0804266	0.0766717	0.0679504	0.080063
4.34768	-3.51704	0.127427	0.148811	0.0758238	0.0871701	0.0782239	0.0703686	0.412175
-13.8911	-6.33702	0.115876	0.141171	0.119489	0.134907	0.181643	0.16743	0.139485
-2.27577	-17.3078	0.114642	0.142857	0.133452	0.127351	0.151246	0.171073	0.15938
-3.19509	15.9158	0.119563	0.1392	0.155108	0.183197	0.137708	0.131494	0.133731
-8.69359	11.191	0.115717	0.123476	0.142097	0.204389	0.152516	0.124584	0.13722
15.8627	-3.56383	0.119759	0.175245	0.1411	0.130555	0.136831	0.127291	0.169219
1.34444	12.9707	0.122094	0.129215	0.198743	0.170052	0.128167	0.125445	0.126283
1.05637	8.2326	0.0819493	0.0741971	0.482281	0.136766	0.069435	0.0806201	0.0747507
4.61481	-1.9781	0.174908	0.309669	0.0876377	0.0840883	0.0881273	0.085557	0.170012
4.91675	-9.28852	0.047126	0.051678	0.0534631	0.0518565	0.0510532	0.0562299	0.688593
-14.8376	5.33706	0.129594	0.130803	0.133462	0.152805	0.176741	0.145309	0.131286
11.9006	11.46	0.115038	0.164662	0.182205	0.14386	0.127068	0.13985	0.127318
-9.19628	3.49769	0.0939677	0.0990429	0.0944024	0.145737	0.382686	0.0907772	0.0933875
-15.9754	3.63116	0.118755	0.144866	0.124529	0.144112	0.179764	0.160181	0.127793
5.28378	-6.20346	0.0404893	0.057658	0.0387724	0.0376278	0.0370555	0.0437084	0.744688
7.67516	-11.0437	0.114713	0.141313	0.112219	0.136534	0.126766	0.139859	0.228595
-3.1142	-17.9215	0.117919	0.139706	0.139161	0.134259	0.133442	0.178649	0.156863
5.99753	10.3443	0.0959543	0.121369	0.352524	0.125865	0.100795	0.112725	0.0907676
9.71363	0.326233	0.0384353	0.747631	0.0454856	0.0411644	0.0385111	0.0437419	0.0450307
-6.20689	-15.7343	0.108335	0.125924	0.140454	0.134081	0.147591	0.188376	0.155238
-4.84753	-7.8486	0.0356214	0.0382226	0.0403901	0.0429914	0.0428468	0.758237	0.0416908
-4.74165	-1.91858	0.173201	0.0886772	0.0817149	0.0785391	0.337486	0.162819	0.0775621
2.24276	11.2365	0.107546	0.111739	0.27233	0.152752	0.121947	0.115385	0.118301
-0.415261	0.198752	0.752892	0.0402207	0.0402207	0.0417497	0.0446749	0.0405531	0.0396889
7.35592	-10.07	0.102115	0.138654	0.106346	0.124039	0.103269	0.128461	0.297115
-9.09748	11.5366	0.126405	0.123882	0.144299	0.203258	0.14774	0.129846	0.12457
9.73029	0.946697	0.037958	0.735611	0.0520567	0.0415214	0.0415214	0.0461694	0.0451623
9.96802	11.6218	0.121156	0.15424	0.196878	0.151678	0.116729	0.137232	0.122088
-6.54739	-2.4918	0.0626279	0.061861	0.0508691	0.0509543	0.615968	0.105999	0.0517212
11.2852	11.7382	0.117348	0.153641	0.183886	0.143963	0.133317	0.148802	0.119042
-3.17125	4.76379	0.0757886	0.0396297	0.0519236	0.685348	0.0562626	0.0409314	0.0501157
-6.8044	4.64692	0.091691	0.091438	0.0877705	0.376502	0.189705	0.0747439	0.0881496
1.06154	14.5367	0.122635	0.13485	0.172934	0.171258	0.129581	0.128383	0.140359
3.59741	-3.86921	0.105722	0.0859985	0.0610339	0.0670752	0.0562367	0.0564144	0.56752
-0.218449	13.0293	0.120093	0.130278	0.178018	0.192659	0.119881	0.130914	0.128156
11.0249	13.8509	0.119097	0.14686	0.174364	0.15205	0.141671	0.134665	0.131292
13.4396	10.3863	0.11244	0.16637	0.169168	0.147545	0.130247	0.141949	0.132282
-7.36236	4.58736	0.0977128	0.0997429	0.0918934	0.288808	0.226282	0.0922994	0.103262
-2.42949	7.04737	0.0482568	0.0376984	0.0590278	0.731647	0.0418792	0.0402494	0.0412415
14.1349	11.0641	0.108374	0.171377	0.17008	0.146228	0.134561	0.138709	0.130671
5.18798	-1.39048	0.110341	0.532222	0.0590107	0.0590107	0.0710942	0.0610714	0.10725
8.04387	2.61073	0.0495627	0.671303	0.0859644	0.0494794	0.0482299	0.0478967	0.0475635
8.93456	3.17429	0.0762398	0.467588	0.123303	0.0827098	0.0827098	0.0863884	0.0810607
4.38598	5.80615	0.0451684	0.0543681	0.74227	0.0431625	0.0390814	0.0417099	0.0342394
8.58437	9.48232	0.110975	0.148849	0.245978	0.134189	0.111383	0.131745	0.116881
-9.18112	-8.22932	0.121727	0.123681	0.128957	0.120164	0.145174	0.226846	0.133451
12.7914	1.58834	0.10935	0.269106	0.134146	0.114024	0.129878	0.112398	0.131098
-15.0608	9.45609	0.104497	0.130952	0.147884	0.17328	0.177249	0.132804	0.133333
3.12513	-7.83679	0.0416221	0.0404084	0.0379096	0.0410509	0.0376955	0.0540444	0.747269
6.53578	2.14022	0.0578714	0.666114	0.08511	0.0478446	0.0503711	0.0438181	0.048871
-4.43863	-5.70938	0.0446397	0.0379614	0.0397188	0.0355009	0.0546221	0.743339	0.0442179
3.20563	8.1365	0.0388161	0.0409765	0.750252	0.0519228	0.038528	0.0401124	0.0393922
11.3905	-0.252175	0.0791907	0.454612	0.0992814	0.0922422	0.091949	0.0813901	0.101334
0.482176	16.7471	0.126915	0.135087	0.168539	0.163943	0.13049	0.143769	0.131256
-7.50002	-14.5676	0.115539	0.125815	0.142356	0.123308	0.155138	0.186216	0.151629
17.3282	3.26644	0.108896	0.180982	0.163088	0.127301	0.13957	0.129857	0.150307
-14.7536	-0.52576	0.117138	0.139015	0.121924	0.148131	0.213081	0.142434	0.118277
-6.00057	-10.8585	0.107537	0.109926	0.115441	0.104228	0.120588	0.313971	0.128309
-3.54473	9.46001	0.0488625	0.0512525	0.0607241	0.697088	0.0514296	0.0456758	0.0449677
4.76076	-16.1614	0.104807	0.141477	0.141724	0.133796	0.126611	0.167245	0.184341
-12.0212	7.30017	0.120836	0.129106	0.13462	0.177119	0.17643	0.129566	0.132323
0.7067	-12.523	0.119651	0.123598	0.123598	0.130453	0.135646	0.173037	0.194017
-4.33037	-11.4423	0.101833	0.116191	0.125638	0.116002	0.119781	0.291895	0.128661
-4.69356	15.0972	0.108842	0.120135	0.167708	0.173715	0.150168	0.13407	0.145363
-8.13288	-2.54739	0.0517556	0.04894	0.0501822	0.0476979	0.674644	0.0799932	0.046787
8.28565	-1.18072	0.0400903	0.749365	0.0409373	0.038961	0.0391022	0.038467	0.0530774
2.83527	10.0351	0.0719904	0.0931878	0.455673	0.114251	0.0921211	0.0885217	0.0842552
-7.75798	1.28885	0.0426028	0.0406246	0.0396354	0.0548255	0.739508	0.0451462	0.0376572
12.307	7.43033	0.115296	0.182532	0.162893	0.139325	0.131932	0.130314	0.137708
-9.18198	0.450037	0.0367315	0.0402468	0.0359424	0.0469905	0.756726	0.0427577	0.0406055
4.4108	-0.840338	0.198518	0.357874	0.078443	0.0782076	0.101611	0.0724451	0.112901
-11.302	-6.91894	0.120656	0.126484	0.130369	0.128426	0.17548	0.188215	0.130369
10.3732	10.8423	0.11884	0.149493	0.195237	0.146899	0.125914	0.133931	0.129686
15.438	-8.24232	0.122042	0.175751	0.14092	0.132146	0.134805	0.137198	0.157139
1.37088	-14.3126	0.127625	0.132472	0.12901	0.14355	0.121394	0.168705	0.177244
9.31118	-0.830094	0.0368487	0.754588	0.043113	0.0419338	0.0395755	0.0396492	0.0442921
6.9758	14.5002	0.114586	0.148111	0.188141	0.156617	0.126845	0.138854	0.126845
-4.85167	-11.475	0.109975	0.111133	0.125217	0.107081	0.127918	0.28169	0.136986
-3.17855	2.96414	0.241234	0.0829016	0.0891674	0.277985	0.139655	0.0747077	0.0943488
0.27329	-12.738	0.114528	0.131919	0.129799	0.12789	0.124708	0.178791	0.192365
17.1366	4.75308	0.104663	0.181505	0.146794	0.133545	0.150503	0.13222	0.150768
15.2995	1.69849	0.121403	0.199275	0.154534	0.130351	0.12503	0.130593	0.138815
2.83696	0.0397713	0.621558	0.10661	0.061979	0.0460632	0.0601264	0.0432842	0.060379
0.520776	-6.47433	0.100854	0.0796813	0.0774047	0.0848037	0.0788843	0.187137	0.391235
-4.24729	-7.3158	0.037724	0.036957	0.043163	0.0354926	0.0456035	0.757339	0.0437208
-14.6617	-3.81106	0.116877	0.140987	0.120781	0.125832	0.198622	0.165786	0.131114
-5.68035	-7.69328	0.039863	0.0436668	0.0419931	0.0420692	0.0534043	0.737695	0.0413085
-3.10057	-12.0657	0.107379	0.126775	0.123175	0.118176	0.128174	0.24975	0.146571
-6.62678	-14.5774	0.122152	0.130635	0.141057	0.118274	0.146874	0.18444	0.156568
-14.6344	-6.20151	0.121088	0.144439	0.124699	0.130477	0.173808	0.170438	0.13505
-14.6797	-2.98704	0.126502	0.151893	0.123328	0.133303	0.176604	0.160281	0.128089
10.9915	-6.06519	0.112201	0.18942	0.137799	0.126493	0.127773	0.133959	0.172355
1.88516	1.33374	0.695684	0.0616746	0.0672814	0.0430837	0.0431575	0.0443379	0.0447805
2.88513	5.68917	0.0594633	0.0478913	0.721297	0.0514465	0.0378529	0.0448937	0.0371558
-11.4619	4.44996	0.118999	0.130797	0.119406	0.163344	0.226404	0.120016	0.121033
-11.7532	11.1212	0.12497	0.125937	0.140198	0.171622	0.164129	0.12787	0.145274
-2.001	-14.8134	0.11722	0.125409	0.132195	0.127749	0.151614	0.173608	0.172204
4.58468	-6.5302	0.0391566	0.0503642	0.036775	0.0381059	0.0378258	0.0457411	0.752031
1.03752	-13.878	0.123105	0.133062	0.133288	0.127178	0.12831	0.166327	0.18873
0.351314	-4.31523	0.248075	0.0904345	0.0871721	0.0880855	0.0889992	0.170429	0.226804
11.7384	0.128819	0.0887556	0.390557	0.11926	0.0980043	0.104657	0.0892422	0.109525
10.6483	-13.3906	0.115861	0.146471	0.123703	0.142423	0.134075	0.152036	0.185429
12.8291	-12.6338	0.123208	0.152947	0.134095	0.14923	0.119756	0.137281	0.183484
3.86461	9.51697	0.0457184	0.0560764	0.69274	0.0583981	0.0461648	0.0491116	0.0517903
-10.3462	7.38132	0.117203	0.116339	0.131017	0.189726	0.164688	0.140945	0.140082
1.22217	-3.75256	0.289751	0.0901153	0.0787144	0.094239	0.0789569	0.111462	0.256762
-12.5606	-12.6574	0.119808	0.131523	0.142173	0.132055	0.166134	0.172524	0.135783
2.22819	-8.46839	0.0442443	0.044882	0.0460778	0.0463967	0.0421715	0.0702328	0.705995
12.2895	7.52154	0.114279	0.169993	0.166265	0.143014	0.13775	0.136872	0.131827
9.16949	4.36627	0.105894	0.270887	0.192843	0.10638	0.110589	0.111561	0.101846
-8.28367	-12.4818	0.112375	0.11374	0.136715	0.125114	0.158098	0.201547	0.152411
8.61542	-8.50934	0.10708	0.151161	0.118003	0.111956	0.115662	0.130096	0.266042
1.19568	7.14077	0.0590741	0.0528472	0.630561	0.0979104	0.0525195	0.0551413	0.051946
16.1647	2.0922	0.11209	0.186001	0.156388	0.124572	0.150269	0.124572	0.146109
6.69572	-3.49939	0.101153	0.333209	0.0789636	0.0876411	0.0901201	0.0865255	0.222388
5.57398	15.2197	0.114627	0.147271	0.183902	0.154249	0.130576	0.154249	0.115126
-7.41813	-12.5669	0.111572	0.123098	0.137621	0.12379	0.142462	0.20816	0.153296
7.69707	8.67573	0.092805	0.13521	0.331943	0.112443	0.111922	0.11227	0.103406
10.7898	-8.90569	0.11859	0.162864	0.138469	0.139146	0.121075	0.138017	0.181839
-9.48946	14.3591	0.113462	0.14049	0.147374	0.171596	0.154513	0.126211	0.146354
-16.2802	-2.41965	0.113791	0.145224	0.128899	0.146443	0.177144	0.153265	0.135234
15.4495	1.64413	0.112004	0.182128	0.159727	0.123691	0.151936	0.128804	0.141709
-15.1871	0.13379	0.117442	0.148372	0.123023	0.142558	0.195116	0.141395	0.132093
2.8825	13.5067	0.119396	0.150259	0.196441	0.152512	0.129534	0.132237	0.119622
11.9789	5.2346	0.119816	0.186965	0.171385	0.128154	0.133202	0.117182	0.143296
0.595315	6.3002	0.104849	0.0753742	0.407358	0.174935	0.0760492	0.0839238	0.0775116
-5.38646	-15.8279	0.119237	0.127169	0.146505	0.132127	0.142043	0.1765	0.15642
-4.9763	-4.88449	0.0565939	0.0393924	0.0468389	0.040137	0.0719339	0.700946	0.0441582
1.55347	18.0861	0.123673	0.143047	0.173036	0.160828	0.140658	0.130308	0.12845
-2.55904	6.05416	0.0566251	0.0384343	0.0574745	0.720413	0.0440969	0.0385759	0.04438
-7.10083	9.75037	0.0976492	0.113201	0.120434	0.315371	0.130741	0.104883	0.117722
9.53824	-7.99031	0.124388	0.167211	0.121737	0.125204	0.123165	0.125612	0.212684
-6.3655	-13.6045	0.118644	0.122823	0.1342	0.123984	0.144416	0.203854	0.152078
-2.78509	6.91094	0.0447699	0.037343	0.0513639	0.747553	0.0422017	0.0347748	0.0419935
3.54849	-0.748505	0.353425	0.217109	0.080793	0.0704765	0.094355	0.0745335	0.109308
-11.3742	6.17903	0.123921	0.134931	0.135147	0.180915	0.181779	0.122409	0.120898
-15.9812	0.976362	0.119356	0.151086	0.129851	0.154259	0.177447	0.146693	0.121308
-14.4014	1.59634	0.113466	0.150148	0.114149	0.150376	0.203919	0.142629	0.125313
12.314	8.67335	0.112946	0.163675	0.187126	0.146686	0.121082	0.136396	0.132089
-1.66086	-1.26392	0.717308	0.043831	0.0399913	0.0406433	0.0538289	0.0598421	0.0445555
4.93903	14.8848	0.122504	0.146907	0.180675	0.157998	0.122997	0.139758	0.129159
-12.8432	-8.38151	0.12559	0.128895	0.135505	0.136213	0.161709	0.17611	0.135977
1.03899	-6.11864	0.0841789	0.0592269	0.0573985	0.0660819	0.0557536	0.118362	0.558998
-5.36946	-3.32551	0.119253	0.0883621	0.0920738	0.0801007	0.246169	0.297174	0.0768677
-1.90687	12.9372	0.120467	0.133828	0.15737	0.197879	0.128526	0.121951	0.139979
12.9493	3.12421	0.109601	0.236081	0.147304	0.124068	0.128452	0.124726	0.129768
2.73744	-0.669566	0.630743	0.0976353	0.0532939	0.0443412	0.0557433	0.0472973	0.070946
12.8991	3.88142	0.116777	0.220699	0.152132	0.120849	0.134776	0.119563	0.135205
4.31514	13.1311	0.111235	0.141774	0.218903	0.141997	0.126616	0.137539	0.121935
-8.88866	-9.39222	0.114988	0.123818	0.12613	0.118982	0.151987	0.234602	0.129493
-4.17689	-11.8632	0.100874	0.114972	0.121724	0.108816	0.132049	0.278197	0.143368
13.7022	-5.86676	0.115484	0.184821	0.136566	0.135863	0.135629	0.134926	0.156711
8.44567	0.397647	0.0425995	0.755702	0.0451961	0.0353007	0.0376869	0.036985	0.0465296
0.0810747	16.8627	0.112311	0.134673	0.176633	0.167839	0.134422	0.133166	0.140955
10.3577	-0.463385	0.0434669	0.711175	0.047805	0.0458962	0.0467639	0.0489329	0.0559604
-3.53705	12.9795	0.115681	0.126897	0.153508	0.214867	0.137013	0.11744	0.134594
1.66725	15.4662	0.113998	0.149792	0.17774	0.16303	0.128218	0.133856	0.133366
-7.99333	-14.0936	0.112853	0.12925	0.142995	0.129491	0.134073	0.19701	0.154328
3.72448	1.65412	0.284488	0.210652	0.158273	0.0816609	0.091001	0.0894863	0.0844378
-11.6252	9.34673	0.113058	0.136884	0.129876	0.180799	0.164681	0.13595	0.138753
-15.4474	-8.30567	0.103706	0.144879	0.137674	0.152856	0.161863	0.165466	0.133556
9.52449	-5.30314	0.108212	0.21716	0.120522	0.118133	0.126952	0.118501	0.19052
11.7326	10.0958	0.107058	0.168097	0.179542	0.15093	0.126371	0.139962	0.12804
-17.476	-2.93438	0.116175	0.129874	0.140148	0.141201	0.166755	0.165437	0.140411
6.38156	-7.22983	0.0441424	0.0638926	0.0469278	0.0502195	0.049291	0.0440581	0.701469
16.5151	-3.10735	0.11547	0.180854	0.144584	0.134222	0.136442	0.131261	0.157167
4.33576	-6.85628	0.0407905	0.0454321	0.0396653	0.0402982	0.0370631	0.0405795	0.756171
3.20958	17.9121	0.113636	0.141695	0.177048	0.160494	0.130191	0.143939	0.132997
-14.1074	-7.91139	0.117751	0.132375	0.134897	0.135653	0.173222	0.174735	0.131367
-5.77814	15.3048	0.115033	0.119723	0.15527	0.189089	0.149099	0.122933	0.148852
-0.30192	16.0762	0.116996	0.128791	0.168031	0.18416	0.136736	0.13144	0.133847
12.4977	4.36877	0.112384	0.210287	0.16555	0.13097	0.125783	0.122109	0.132916
9.59227	-11.8518	0.123579	0.160339	0.123337	0.132285	0.119226	0.148005	0.193229
4.40995	-7.79421	0.0347094	0.0423511	0.0378517	0.0368519	0.03978	0.0437795	0.764676
4.34062	6.73263	0.0428838	0.0463366	0.757682	0.0446101	0.0334231	0.039431	0.0356329
-17.4525	-4.99159	0.12321	0.142124	0.132937	0.146717	0.174818	0.155093	0.125101
7.3624	-3.61599	0.0926232	0.357753	0.0879091	0.09033	0.0970826	0.0782265	0.196076
4.29113	4.91575	0.0592945	0.063262	0.711606	0.0411888	0.0395297	0.0468152	0.0383034
-3.52676	-3.98152	0.10332	0.0502335	0.0650179	0.0550752	0.0754797	0.593982	0.0568909
-5.0734	4.30075	0.0653518	0.0498391	0.054625	0.620348	0.100173	0.0509118	0.0587507
11.557	-5.37985	0.112637	0.191885	0.129121	0.12426	0.126162	0.141589	0.174345
2.34042	3.19865	0.284838	0.0961885	0.280029	0.0894555	0.0710592	0.100517	0.0779127
11.4846	1.91443	0.0952054	0.350685	0.122603	0.102911	0.115069	0.101883	0.111644
-10.9906	-3.2152	0.103486	0.118656	0.105111	0.119559	0.296009	0.14376	0.113419
0.181631	15.5985	0.11697	0.133749	0.168025	0.175455	0.136385	0.134468	0.134947
-11.9224	3.19115	0.11937	0.128661	0.116542	0.152495	0.246819	0.120582	0.115532
-17.3315	3.74321	0.112172	0.143994	0.128083	0.153275	0.177141	0.147441	0.137894
-9.24712	-12.3171	0.118732	0.126537	0.129849	0.121334	0.161542	0.18685	0.155156
7.26141	-7.7136	0.079103	0.114871	0.0857065	0.0844682	0.0832303	0.100014	0.452607
-12.1904	4.25759	0.107833	0.133804	0.127987	0.152504	0.213796	0.135466	0.12861
-8.53689	5.39363	0.10479	0.115436	0.119594	0.247505	0.199601	0.105955	0.107119
6.71466	-10.4332	0.107647	0.125069	0.114616	0.120117	0.10618	0.133138	0.293233
0.521215	-14.9372	0.120141	0.137574	0.127209	0.134982	0.132391	0.173381	0.174323
14.7765	-0.356303	0.113735	0.206375	0.147902	0.124283	0.140105	0.115799	0.1518
-15.7016	-6.3284	0.112322	0.139452	0.128296	0.140213	0.165061	0.171907	0.142748
-3.00674	-0.996568	0.487769	0.072021	0.0665614	0.072861	0.140157	0.0946984	0.0659317
-1.3654	-15.244	0.120154	0.13099	0.135083	0.14038	0.14327	0.167349	0.162774
-8.92649	0.601485	0.0383685	0.0375142	0.0392227	0.045914	0.759468	0.0403616	0.0391515
14.8273	0.642348	0.107294	0.192235	0.159294	0.128235	0.144941	0.124	0.144
13.0725	-8.98301	0.115064	0.168793	0.129293	0.142787	0.130275	0.143278	0.17051
8.66042	-15.6118	0.111932	0.146779	0.12566	0.148891	0.134372	0.158659	0.173706
-0.757195	4.54213	0.205824	0.0808547	0.150462	0.30205	0.0847288	0.0833542	0.0927268
-12.0377	-6.49248	0.10897	0.140864	0.134219	0.140421	0.165006	0.178295	0.132226
-2.15155	-15.8212	0.119374	0.134785	0.146282	0.125489	0.140166	0.187133	0.146771
-6.65991	-7.62657	0.0532255	0.0559526	0.0488057	0.0580214	0.0709048	0.658642	0.054448
10.1636	13.6445	0.111111	0.162373	0.179287	0.149883	0.129066	0.143378	0.124902
7.31245	12.7198	0.115095	0.143183	0.199361	0.146609	0.135876	0.134277	0.125599
1.20612	-0.16598	0.74742	0.0503272	0.0411522	0.0362275	0.0387236	0.04068	0.0454699
2.10967	-3.19428	0.310333	0.0983372	0.0751781	0.098575	0.0754158	0.0928741	0.249287
-5.3921	7.71259	0.0379832	0.0420794	0.0408133	0.755493	0.0431966	0.0409622	0.0394727
-10.6985	7.55652	0.118066	0.125836	0.13188	0.200086	0.169652	0.125189	0.12929
-1.05701	-9.10362	0.0899641	0.0918299	0.0907637	0.0990272	0.0874315	0.384779	0.156204
-3.88879	-3.3554	0.156254	0.0779548	0.0852917	0.0776108	0.143758	0.379228	0.0799036
0.287389	-9.1201	0.0940801	0.0976987	0.108843	0.102909	0.101317	0.2242	0.270951
-1.10948	14.1503	0.124799	0.129617	0.167011	0.181464	0.134205	0.130076	0.132829
11.2445	1.24343	0.0799697	0.435205	0.11047	0.0880123	0.0940821	0.093475	0.0987858
-0.569802	-1.9085	0.718289	0.0372905	0.0424242	0.0375044	0.0441355	0.0645276	0.0558289
-5.33579	-2.90672	0.125316	0.0909748	0.0930233	0.0778408	0.291842	0.24027	0.0807326
10.5616	8.4688	0.113409	0.167828	0.208751	0.124293	0.118851	0.135394	0.131476
3.4738	8.26225	0.0402164	0.0392659	0.751901	0.0473823	0.0421176	0.0389003	0.0402164
4.34837	16.6941	0.107588	0.141892	0.188669	0.161383	0.130977	0.141372	0.128118
-4.15474	-8.62681	0.039554	0.0397046	0.0411361	0.0426429	0.046184	0.746176	0.0446018
-0.914073	2.57896	0.635242	0.0434531	0.0676215	0.0946035	0.052392	0.0469293	0.0597583
-2.77311	-13.1543	0.114704	0.131964	0.136771	0.127376	0.133275	0.202534	0.153376
14.4984	-5.98308	0.121795	0.186391	0.135109	0.124014	0.1393	0.128698	0.164694
7.25571	-5.14981	0.0887214	0.176385	0.0917625	0.0896471	0.0981092	0.0957291	0.359646
-10.0425	-12.7656	0.115471	0.138965	0.143964	0.124219	0.140465	0.188703	0.148213
12.5222	5.32978	0.122633	0.195068	0.160502	0.13122	0.128798	0.125495	0.136284
14.9847	-2.36366	0.118368	0.183211	0.155388	0.126385	0.137703	0.12615	0.152794
-13.3353	-4.10214	0.120173	0.136529	0.121309	0.13562	0.201045	0.155157	0.130168
3.76723	7.03873	0.0431765	0.0434541	0.755449	0.0449118	0.0372761	0.0401916	0.0355408
5.42962	-16.1929	0.117196	0.152252	0.125384	0.137155	0.125384	0.16172	0.180911
1.59343	3.93261	0.244484	0.0866078	0.314336	0.106785	0.0711503	0.100649	0.0759883
-15.2953	0.0126025	0.120317	0.146494	0.121037	0.147694	0.188521	0.149136	0.126801
14.5666	-7.34446	0.116928	0.182498	0.133134	0.132635	0.128148	0.141361	0.165295
9.45409	6.458	0.111721	0.163465	0.226774	0.127793	0.118385	0.125245	0.126617
11.9891	12.1696	0.107777	0.164041	0.186297	0.143286	0.134784	0.133283	0.130533
8.1203	-13.1626	0.11554	0.146619	0.127877	0.130486	0.129063	0.15516	0.195255
7.83814	-4.94912	0.101208	0.20551	0.10386	0.0985562	0.108869	0.105186	0.276812
-0.245376	-5.53582	0.144677	0.078035	0.0983708	0.0886929	0.0879578	0.292294	0.209972
-3.5942	3.46708	0.157848	0.0748582	0.0769746	0.406372	0.126323	0.0701792	0.0874455
6.60089	8.42417	0.0654768	0.0895874	0.552654	0.0745773	0.0697316	0.0772958	0.0706772
7.79741	2.16818	0.0483034	0.705741	0.0716277	0.0416071	0.0445414	0.0416823	0.0464976
-10.9136	-0.484465	0.0644121	0.0707229	0.0648885	0.0778661	0.570544	0.0815576	0.0700086
-2.65524	6.41179	0.0470539	0.0376431	0.0577288	0.732074	0.0474752	0.0372919	0.0407332
-7.70556	0.449282	0.0441278	0.0414429	0.0368305	0.0510808	0.747969	0.0444031	0.0341457
-4.20989	-0.943474	0.237839	0.0942311	0.0826204	0.0887314	0.305793	0.118797	0.0719874
-7.86558	-3.15328	0.0756716	0.0767858	0.0716595	0.0665328	0.508303	0.128496	0.0725511
4.65586	6.83347	0.0371273	0.0490388	0.762538	0.042073	0.0379632	0.0390081	0.0322513
-2.01814	5.66717	0.0662392	0.0388533	0.0645039	0.689626	0.0469257	0.0410411	0.0528103
5.82272	-2.50876	0.105653	0.434839	0.0726163	0.0700416	0.0865603	0.070149	0.160141
6.30341	5.16454	0.0564167	0.0992251	0.615086	0.0542538	0.0572278	0.0614636	0.0563266
-11.571	-4.69467	0.123522	0.122299	0.12658	0.125561	0.209132	0.171423	0.121484
5.18327	15.8863	0.112867	0.14472	0.180838	0.16629	0.130173	0.145974	0.119137
5.47101	16.7102	0.122343	0.148523	0.167444	0.153966	0.127527	0.149559	0.130638
-0.348215	-3.99569	0.301706	0.0806064	0.0898295	0.0897031	0.0845231	0.194441	0.159191
0.493131	5.76201	0.130699	0.0805856	0.347578	0.191644	0.0767765	0.0899893	0.0827284
4.06462	-8.20374	0.0414899	0.0382541	0.0406989	0.0394765	0.0402675	0.0472424	0.752571
1.33938	15.9748	0.121737	0.145401	0.171017	0.16565	0.120761	0.131983	0.14345
2.86835	10.791	0.0928428	0.112087	0.343687	0.141121	0.103815	0.104321	0.102127
-4.14688	-5.8954	0.0464831	0.0369411	0.0446428	0.0346237	0.0498228	0.73964	0.0478462
-11.8168	-10.2724	0.10844	0.130079	0.132003	0.132484	0.161577	0.194037	0.14138
6.64731	-8.32101	0.0672871	0.0867336	0.0721784	0.0660938	0.0733717	0.0764734	0.557862
5.32784	-7.04225	0.0403916	0.048731	0.040174	0.0387963	0.0423496	0.0402465	0.749311
-17.5034	-4.92206	0.113987	0.146751	0.133535	0.147026	0.170705	0.161619	0.126377
-6.341	2.25777	0.0628863	0.0573743	0.0478537	0.0994656	0.630115	0.0526975	0.0496075
-8.9932	6.62141	0.108952	0.123341	0.120351	0.24089	0.169314	0.118669	0.118482
-7.12894	6.3735	0.0785046	0.0819908	0.0775426	0.496393	0.113609	0.0741765	0.0777833
-7.60089	11.7899	0.112071	0.13134	0.134219	0.215282	0.152159	0.12536	0.129568
8.92228	-7.15943	0.11345	0.156855	0.123696	0.120157	0.114195	0.117176	0.254471
-6.62006	-16.1223	0.114315	0.135879	0.139517	0.13536	0.138478	0.187062	0.149389
-1.38679	-11.3151	0.112831	0.12096	0.119025	0.122508	0.121928	0.243081	0.159667
11.9183	-10.1101	0.121183	0.173664	0.131441	0.132634	0.123807	0.137882	0.179389
12.0639	-3.662	0.110908	0.230144	0.12594	0.129799	0.126752	0.127158	0.149299
-6.28954	6.08751	0.0449193	0.0459677	0.0472581	0.699113	0.0665323	0.0475806	0.048629
1.64962	-2.6014	0.512653	0.075623	0.0596087	0.075524	0.0563462	0.0765124	0.143733
-4.30557	-17.4434	0.116159	0.131393	0.143906	0.126768	0.137377	0.183079	0.161317
8.75225	9.48555	0.118957	0.141625	0.24012	0.133601	0.116148	0.123972	0.125577
6.09573	7.69442	0.0410307	0.0517807	0.725669	0.0482521	0.0446414	0.0444773	0.044149
-6.07146	9.6429	0.0724229	0.0841233	0.105598	0.449497	0.10545	0.090788	0.0921207
-13.3684	12.1979	0.113757	0.13836	0.14418	0.166138	0.160317	0.13254	0.144709
4.73389	-2.74585	0.155525	0.247302	0.0881806	0.090785	0.090785	0.0854522	0.241969
1.5053	-1.19434	0.72312	0.0534368	0.0401494	0.0400057	0.0397185	0.044387	0.0591827
17.3223	-0.208246	0.102531	0.185494	0.16071	0.127055	0.141143	0.130185	0.152883
-8.55242	-1.7828	0.0401435	0.0423114	0.0421619	0.0441803	0.733124	0.0577858	0.040293
-8.81522	-11.5945	0.110496	0.119954	0.138639	0.119262	0.149712	0.209458	0.15248
1.90916	-4.5557	0.13495	0.0715178	0.0598708	0.0722879	0.0573686	0.08509	0.518914
12.6845	3.22779	0.115975	0.225311	0.152905	0.120332	0.131328	0.121162	0.132987
-13.3364	-2.28113	0.105418	0.131457	0.124318	0.139647	0.227005	0.148257	0.123898
13.9129	6.95186	0.124402	0.174163	0.158373	0.135167	0.12823	0.133014	0.146651
-7.14414	8.0207	0.0795765	0.0852798	0.0951928	0.452607	0.11434	0.0855514	0.0874523
1.21088	16.8848	0.113103	0.143903	0.175208	0.159051	0.136834	0.140874	0.131028
-8.38837	-11.9588	0.121482	0.121248	0.136726	0.119371	0.145638	0.207552	0.147983
-9.97921	-12.47	0.117104	0.12585	0.147716	0.122692	0.152332	0.18586	0.148445
2.20842	9.29947	0.0621468	0.0650253	0.581175	0.0925277	0.0669438	0.0626797	0.0695021
-4.17868	-8.44045	0.0398371	0.0388745	0.0407997	0.0416883	0.0422807	0.749944	0.0465754
-14.9393	-7.711	0.116226	0.139119	0.12478	0.135094	0.184151	0.170314	0.130314
11.1375	12.8088	0.111554	0.159114	0.179781	0.146165	0.137699	0.136205	0.129482
3.33322	11.3808	0.107169	0.129272	0.282875	0.138559	0.113856	0.116642	0.111627
-12.7708	4.91364	0.116874	0.141585	0.124889	0.163624	0.182547	0.134906	0.135574
-1.53384	-6.7254	0.0561109	0.0473533	0.0507634	0.0416957	0.0471208	0.673409	0.0835465
3.43714	12.3057	0.104793	0.128148	0.235378	0.152518	0.116166	0.131397	0.1316
5.34875	14.5229	0.117338	0.142857	0.192225	0.164798	0.128071	0.134987	0.119723
-9.23494	-7.95312	0.10832	0.13159	0.112026	0.119646	0.153213	0.247735	0.127471
-16.0276	-6.9546	0.128055	0.140784	0.143585	0.13722	0.158096	0.165988	0.126273
7.97931	-1.62227	0.0426926	0.733693	0.0452844	0.0399568	0.0431966	0.0398848	0.0552916
-1.76307	-3.6121	0.270955	0.0708596	0.0951136	0.0760907	0.0941623	0.287124	0.105695
5.26898	-8.71401	0.0401629	0.0524644	0.0452953	0.0445621	0.0463544	0.0498574	0.721303
-8.50637	-0.931426	0.0403926	0.0396159	0.0400395	0.0417343	0.754325	0.0476661	0.0362262
-13.4076	5.86597	0.125736	0.133271	0.130445	0.154462	0.185543	0.142924	0.127619
8.76875	-6.71941	0.107265	0.166457	0.104574	0.125561	0.113184	0.124484	0.258475
-0.156437	5.6386	0.136889	0.0813467	0.234824	0.284099	0.0863849	0.0869992	0.0894569
-4.54586	8.88102	0.0394402	0.0412691	0.0532761	0.734892	0.0470738	0.0414281	0.0426209
0.777176	9.76465	0.0967593	0.105247	0.29321	0.18534	0.108179	0.106019	0.105247
-2.43311	-16.5799	0.124418	0.134506	0.138903	0.135541	0.148474	0.168132	0.150026
7.90863	-9.87953	0.104103	0.143117	0.119669	0.12735	0.111178	0.12169	0.272893
-14.362	1.23794	0.117421	0.138688	0.127828	0.146154	0.201131	0.141855	0.126923
-6.08392	-1.73334	0.0654469	0.0516068	0.0457424	0.0509031	0.668074	0.071546	0.0466807
-8.37409	-5.81244	0.101032	0.110038	0.107909	0.107418	0.180449	0.283773	0.109383
5.33507	15.0171	0.124757	0.136165	0.194175	0.156796	0.13301	0.124272	0.130825
-11.5362	3.57791	0.11482	0.126399	0.117715	0.143574	0.254535	0.12775	0.115207
13.9453	-11.5765	0.113494	0.16841	0.137291	0.14069	0.116632	0.147228	0.176255
-3.19306	11.0624	0.101539	0.1095	0.14081	0.322307	0.115514	0.100124	0.110207
10.3611	7.23646	0.116176	0.176891	0.193067	0.128781	0.123109	0.132353	0.129622
-9.33561	6.18249	0.107721	0.125919	0.117831	0.228493	0.173897	0.121507	0.124632
7.67425	14.774	0.114849	0.152542	0.183911	0.142423	0.132558	0.143182	0.130534
-11.3949	1.80312	0.0904904	0.107437	0.0967425	0.123889	0.376769	0.107272	0.0974003
-1.31405	7.87451	0.0552051	0.0559937	0.0979669	0.624869	0.0551174	0.0504732	0.0603751
-4.84817	-10.8733	0.105187	0.104099	0.107182	0.0981139	0.11498	0.356366	0.114073
1.26131	1.36947	0.725204	0.0487061	0.0616093	0.0442396	0.0385679	0.0428926	0.0387806
-7.14745	9.15098	0.10034	0.0993196	0.114966	0.364966	0.126191	0.0931973	0.10102
15.6244	-4.98373	0.124082	0.177925	0.143417	0.13069	0.138522	0.13069	0.154675
7.63466	-9.83659	0.109098	0.140131	0.109098	0.115459	0.112375	0.131264	0.282575
-5.88256	-10.8818	0.0992853	0.106431	0.125047	0.107935	0.1305	0.309891	0.12091
-1.86618	-9.94523	0.0899827	0.0947873	0.0959523	0.0910017	0.0990098	0.384246	0.145021
13.0973	2.89037	0.116424	0.220412	0.150943	0.11964	0.129074	0.125858	0.13765
4.5006	3.89453	0.0881736	0.111425	0.563965	0.056807	0.0520653	0.0686604	0.0589038
0.590263	12.1689	0.115909	0.119984	0.196578	0.177225	0.129965	0.131391	0.128947
-10.2338	-14.8409	0.11493	0.129699	0.147959	0.127283	0.150645	0.176692	0.152793
0.0645837	1.99481	0.724391	0.0411905	0.0572928	0.0529078	0.0393214	0.0407591	0.0441377
6.49682	8.37531	0.0617335	0.0751775	0.603356	0.0663583	0.0660355	0.0615188	0.0658207
-0.229718	0.0532712	0.756245	0.0396376	0.0405036	0.042369	0.0419692	0.0401705	0.0391046
4.11275	-0.747163	0.251052	0.300349	0.0889744	0.0779128	0.0945053	0.0809187	0.106288
-11.0753	-1.26151	0.0759295	0.0925349	0.0850127	0.0953731	0.468351	0.100909	0.0818902
-2.42887	-6.79026	0.0494936	0.0364427	0.042362	0.0382257	0.0447867	0.727642	0.0610469
-9.79955	-2.17894	0.0544651	0.0559372	0.052895	0.0571148	0.6474	0.0739939	0.0581943
0.708686	-11.2846	0.111449	0.12284	0.125498	0.126258	0.115246	0.171635	0.227074
-1.77508	-16.6673	0.11318	0.135429	0.138331	0.137364	0.138573	0.18162	0.155502
3.93029	15.5489	0.118706	0.147166	0.185843	0.160058	0.128193	0.134031	0.126003
-1.49404	-2.30292	0.638033	0.044309	0.0567452	0.0429089	0.0599572	0.104348	0.0536979
11.168	11.5634	0.11013	0.166544	0.187147	0.144469	0.127054	0.137846	0.126809
2.42606	8.37612	0.0432331	0.0440163	0.715461	0.0617168	0.0438597	0.0455044	0.0462093
-4.57006	-5.20117	0.0522372	0.0379711	0.0446718	0.03934	0.0590821	0.718712	0.0479862
-13.6379	-7.20466	0.113725	0.137003	0.132638	0.139185	0.170951	0.173618	0.132881
7.64491	-11.5104	0.115948	0.144612	0.125862	0.13319	0.115948	0.138578	0.225862
15.9005	5.34817	0.113217	0.183978	0.163508	0.129391	0.129896	0.130149	0.149861
2.86139	-12.526	0.110645	0.12975	0.122612	0.125761	0.124501	0.157884	0.228847
-9.75273	1.18645	0.0419344	0.0416935	0.0440231	0.0498876	0.731282	0.0465939	0.0445855
-13.5395	11.6469	0.115505	0.133715	0.146982	0.17898	0.16077	0.126431	0.137617
-1.25618	18.0469	0.112933	0.138059	0.173764	0.170325	0.138852	0.135678	0.130389
-0.350348	3.0493	0.535209	0.0615399	0.0913623	0.118592	0.0598444	0.0626371	0.0708161
-8.36771	7.87169	0.102746	0.112202	0.118567	0.290962	0.146936	0.108747	0.11984
4.02282	13.2464	0.116732	0.14389	0.212878	0.157249	0.126369	0.127902	0.11498
-15.6605	-0.440373	0.11922	0.14499	0.121628	0.1421	0.190751	0.153902	0.127408
-0.402482	17.6631	0.121374	0.130689	0.163961	0.179665	0.136811	0.129625	0.137876
11.2428	-3.57885	0.11143	0.275321	0.113345	0.110664	0.118897	0.114111	0.156232
-14.5989	8.58527	0.114336	0.141356	0.137603	0.169127	0.17363	0.140605	0.123343
-3.71339	-3.52289	0.147818	0.076086	0.0833785	0.0727115	0.122565	0.422118	0.0753236
-10.4751	-11.8632	0.108596	0.135324	0.141344	0.117265	0.160366	0.188779	0.148326
-12.5112	2.97991	0.114904	0.128684	0.122535	0.148823	0.235955	0.132499	0.1166
-10.6451	-12.9799	0.117013	0.118767	0.134803	0.138311	0.149587	0.196191	0.145327
-17.4514	3.35091	0.109876	0.136616	0.142176	0.14959	0.186127	0.142176	0.133439
-8.13574	15.8316	0.10463	0.131572	0.148051	0.18938	0.154329	0.130526	0.141512
-10.9321	-3.32496	0.105532	0.116122	0.104984	0.117948	0.30692	0.140223	0.108271
6.2535	1.53994	0.06	0.686792	0.0735095	0.0410566	0.0461886	0.0437736	0.0486792
11.314	-2.53197	0.098067	0.329314	0.115801	0.106402	0.108175	0.112431	0.12981
9.0978	10.5518	0.117226	0.159047	0.204767	0.144745	0.12156	0.136078	0.116576
-11.3364	-8.23537	0.116877	0.128836	0.138538	0.13222	0.167644	0.178926	0.136959
-4.91926	9.10186	0.0407611	0.0482029	0.0520085	0.712389	0.0504017	0.0469345	0.0493023
1.43473	11.5059	0.112278	0.118197	0.233913	0.163643	0.12068	0.128509	0.12278
-8.8801	-6.60503	0.10943	0.11349	0.107953	0.119026	0.16885	0.26444	0.116811
11.6091	-3.3511	0.111199	0.260654	0.115758	0.11893	0.117542	0.129832	0.146085
12.8625	-5.74874	0.115165	0.19065	0.135918	0.128164	0.137742	0.125656	0.166705
13.3367	11.6421	0.122912	0.158664	0.173278	0.150574	0.128914	0.137526	0.128132
3.59222	-16.8282	0.109359	0.147104	0.135471	0.130817	0.127197	0.160807	0.189245
-17.2551	-2.3432	0.109203	0.144322	0.135863	0.145091	0.178416	0.15919	0.127916
1.48752	-2.88183	0.446525	0.0814087	0.0639567	0.0828988	0.0695968	0.0893904	0.166223
15.1404	-0.695836	0.123546	0.191717	0.135179	0.123778	0.140065	0.127501	0.158213
6.24444	-1.29319	0.0536531	0.699779	0.0461255	0.0412546	0.0511439	0.0411808	0.0668635
12.6869	11.1861	0.117377	0.153611	0.176576	0.145956	0.129115	0.143404	0.133963
5.59231	16.0729	0.110178	0.145038	0.190331	0.161323	0.122646	0.141476	0.129008
1.67238	16.9872	0.117496	0.13725	0.170087	0.165983	0.137506	0.135198	0.13648
3.70391	17.3584	0.115632	0.133833	0.181745	0.159529	0.134636	0.143469	0.131156
-4.98553	5.17301	0.0495372	0.0399112	0.0437616	0.717882	0.0664198	0.0384302	0.0440577
-5.75897	2.30967	0.0970019	0.0760259	0.0661006	0.148982	0.482349	0.0648726	0.0646681
3.51684	15.7497	0.121396	0.13448	0.186819	0.168403	0.140296	0.132057	0.11655
4.42993	-15.6894	0.115698	0.13736	0.122579	0.144495	0.128185	0.165392	0.18629
1.22773	-11.9867	0.111887	0.129438	0.120463	0.12485	0.127443	0.177702	0.208217
5.49353	16.5194	0.115068	0.146692	0.172735	0.155993	0.120914	0.151475	0.137125
-14.0607	10.3277	0.114424	0.143701	0.136986	0.170024	0.167875	0.131883	0.135106
-10.5615	-3.1689	0.0986057	0.110196	0.104149	0.108517	0.338821	0.13993	0.0997817
-2.62662	6.75574	0.0471652	0.0389656	0.0526316	0.741257	0.0431705	0.0351812	0.0416287
-5.68133	3.32735	0.117936	0.0839833	0.0836233	0.282783	0.253509	0.0838631	0.0943012
0.0206184	-13.721	0.119921	0.129365	0.139468	0.129805	0.132221	0.184274	0.164946
13.1875	-11.1785	0.120984	0.164508	0.123834	0.136788	0.132383	0.145078	0.176425
16.6637	6.7214	0.117366	0.168083	0.168614	0.130908	0.147902	0.134891	0.132236
-11.3021	-10.0226	0.119336	0.12503	0.125979	0.137841	0.163701	0.183393	0.144721
13.6101	-5.82546	0.113918	0.185497	0.139415	0.121637	0.133801	0.138713	0.167018
-3.10238	12.6961	0.108576	0.125687	0.162019	0.217786	0.136248	0.121251	0.128433
11.4087	14.008	0.12534	0.151713	0.17428	0.139478	0.131593	0.141381	0.136215
11.0376	-10.424	0.122781	0.166788	0.129832	0.129346	0.12813	0.13202	0.191101
-0.430469	9.38242	0.0955757	0.092955	0.200863	0.288115	0.103129	0.108371	0.110991
2.26677	0.566756	0.687861	0.0765707	0.0575783	0.0406876	0.0490954	0.043315	0.0448916
3.87024	3.13816	0.173372	0.151867	0.345053	0.0799808	0.0801015	0.091579	0.0780474
-9.20894	-9.56791	0.113856	0.114501	0.140064	0.129323	0.149946	0.215467	0.136842
7.25833	9.55694	0.0978632	0.135931	0.31388	0.120129	0.105944	0.121386	0.104866
10.3971	-2.26369	0.0808136	0.474713	0.0838907	0.0857639	0.0821514	0.0865667	0.106101
-4.55764	-16.1144	0.111195	0.136662	0.144478	0.118003	0.153807	0.177257	0.158598
16.4157	-4.47987	0.109002	0.174404	0.147987	0.132855	0.138753	0.135163	0.161836
4.88161	13.1544	0.120567	0.141179	0.199911	0.142287	0.135417	0.137411	0.123227
6.24384	-1.99017	0.0674494	0.651881	0.0507062	0.0449929	0.0522933	0.0452309	0.0874465
10.2944	-12.1943	0.117357	0.157791	0.127219	0.133876	0.136834	0.144231	0.182692
2.59712	13.7458	0.110562	0.130562	0.19573	0.165393	0.126517	0.140674	0.130562
1.46956	7.5454	0.0548997	0.0484315	0.666316	0.0861094	0.0493208	0.0507762	0.0441462
-11.5834	11.0223	0.121391	0.129673	0.144818	0.182205	0.151207	0.123758	0.146948
-2.97197	14.7217	0.123132	0.12503	0.16204	0.174614	0.142586	0.130249	0.142349
14.9683	3.83307	0.120958	0.184646	0.156011	0.128116	0.143175	0.12861	0.138484
-4.01713	3.52715	0.137266	0.069729	0.0736761	0.437452	0.127179	0.0694005	0.0852975
-3.2206	10.9862	0.0982869	0.103478	0.137394	0.32895	0.109362	0.106939	0.115591
-13.6025	5.89558	0.115257	0.138783	0.13403	0.1673	0.176568	0.135456	0.132604
0.351598	-0.532909	0.753427	0.0404493	0.0428562	0.0390453	0.0397807	0.0405161	0.0439259
0.685076	-7.61529	0.0905751	0.071863	0.0805876	0.0903456	0.0734703	0.171393	0.421766
-14.265	8.30655	0.127577	0.128608	0.140206	0.170103	0.166237	0.131701	0.135567
-6.5777	12.1335	0.11972	0.119282	0.144014	0.226964	0.144889	0.116218	0.128912
-7.17709	5.74202	0.0809359	0.0859227	0.0833654	0.443421	0.134254	0.0834931	0.0886076
-11.3337	-9.97329	0.111596	0.119845	0.136827	0.134886	0.161087	0.203785	0.131975
5.83833	-9.58398	0.0776647	0.0951249	0.0826931	0.0871631	0.0755692	0.0914933	0.490292
0.544223	17.1964	0.115113	0.144836	0.161965	0.173048	0.136524	0.13602	0.132494
2.38666	8.27991	0.0452879	0.0424622	0.716282	0.0675882	0.0433786	0.0435314	0.0414694
-8.71233	4.24547	0.101203	0.107606	0.103545	0.184913	0.296736	0.096205	0.109792
-5.65064	7.21822	0.0391967	0.0415024	0.0417999	0.74801	0.0505021	0.0393455	0.039643
6.12222	-10.068	0.0909698	0.110926	0.0874772	0.111093	0.102944	0.120239	0.376351
5.6742	-13.9043	0.119137	0.141651	0.124062	0.142355	0.124296	0.14681	0.201689
9.09232	-10.7762	0.116332	0.149863	0.126369	0.128193	0.124088	0.137089	0.218066
-2.85202	-13.0282	0.121371	0.120716	0.136215	0.12792	0.132504	0.204759	0.156516
-2.90287	14.3749	0.114932	0.128779	0.162243	0.189707	0.14655	0.125548	0.132241
9.80155	-12.5382	0.108437	0.154094	0.122829	0.143424	0.125806	0.153598	0.191811
4.04917	15.1806	0.11724	0.143952	0.189216	0.156072	0.134554	0.131338	0.127628
6.70441	8.23067	0.0646859	0.090771	0.555854	0.0753305	0.0707686	0.0733417	0.0692478
11.5472	5.12326	0.113955	0.210983	0.167011	0.133361	0.121594	0.123658	0.129438
-3.09277	8.81605	0.0444924	0.0433741	0.0558351	0.727215	0.0416167	0.0439332	0.0435338
4.34655	0.38989	0.212678	0.355271	0.0992957	0.0693915	0.0962937	0.0734327	0.093638
-14.1974	11.0299	0.121664	0.136839	0.145735	0.164835	0.165358	0.12585	0.139717
1.51615	15.2926	0.112559	0.134834	0.180332	0.163981	0.136493	0.135545	0.136256
-3.39262	-9.69797	0.0547319	0.06316	0.0579813	0.0583875	0.0584891	0.637389	0.0698616
-2.12817	-1.82246	0.633954	0.0472635	0.0534996	0.0491507	0.0740953	0.0928039	0.0492328
-3.76546	-17.1805	0.115513	0.126319	0.14124	0.136866	0.146643	0.171855	0.161564
6.52346	-1.82159	0.0570891	0.684092	0.0495675	0.0418203	0.0479128	0.0426476	0.0768707
10.4093	12.5234	0.114632	0.151523	0.19386	0.147066	0.129735	0.143105	0.120079
6.97006	8.40552	0.0771172	0.09871	0.47392	0.0902974	0.0856701	0.0879136	0.0863715
3.43312	6.66076	0.0423255	0.0463992	0.747221	0.0488849	0.0383898	0.0403922	0.0363875
0.50209	-5.94511	0.123284	0.0842227	0.0896187	0.0844574	0.0802348	0.188974	0.349208
-5.31627	-10.7599	0.093199	0.103095	0.105434	0.107772	0.117668	0.34005	0.132781
0.494662	-15.6755	0.111737	0.139427	0.132566	0.137956	0.139427	0.168586	0.170301
2.28772	5.79016	0.0607621	0.0465647	0.704796	0.0623069	0.0391349	0.0473739	0.0390614
8.37217	-2.74354	0.0493621	0.649538	0.0556973	0.0539375	0.0527937	0.0518258	0.0868458
17.5028	-2.02013	0.114417	0.186908	0.15445	0.12713	0.133351	0.131187	0.152556
-2.3595	-9.27764	0.0540304	0.0584113	0.0603582	0.0600662	0.0558801	0.632302	0.0789523
8.65438	-3.48229	0.0916228	0.411828	0.0852621	0.0964947	0.0868859	0.0899985	0.137908
-1.87197	-10.3574	0.0942325	0.106051	0.105421	0.103215	0.0988023	0.334226	0.158052
10.6084	6.43042	0.117684	0.181456	0.194042	0.125656	0.12125	0.127753	0.132159
-8.95665	3.26174	0.0766826	0.0852752	0.085666	0.137482	0.437574	0.086447	0.0908735
2.6826	9.07403	0.0450949	0.0474772	0.695312	0.0658556	0.0519016	0.0477325	0.0466264
-5.39522	-11.7339	0.111672	0.115307	0.129039	0.115509	0.137924	0.256058	0.134491
6.57182	-2.85975	0.0843074	0.473156	0.0684804	0.0730321	0.0789281	0.0694115	0.152684
6.34656	-15.2073	0.118899	0.141927	0.122153	0.147184	0.1204	0.153942	0.195494
-3.56522	14.5737	0.119031	0.133286	0.158945	0.180565	0.143027	0.127346	0.1378
6.54428	-7.24253	0.0452076	0.0666725	0.0518661	0.0479236	0.0473979	0.0492378	0.691694
8.4973	-2.39704	0.0468685	0.697968	0.0443799	0.0461219	0.0484446	0.0467855	0.0694318
2.6311	-12.5656	0.112766	0.130975	0.119181	0.135733	0.126629	0.151873	0.222843
-2.24944	12.7274	0.106794	0.126752	0.160085	0.213163	0.13482	0.121656	0.13673
-1.10525	8.88764	0.0841656	0.0859809	0.151213	0.420698	0.0806641	0.0893528	0.0879262
-9.94581	-6.42249	0.115933	0.120956	0.125979	0.124171	0.185855	0.198513	0.128591
-1.02189	-2.80001	0.569563	0.0554705	0.070779	0.0480864	0.0591628	0.117875	0.0790633
8.41691	5.99015	0.0947093	0.178152	0.273024	0.114141	0.115121	0.107936	0.116917
11.811	2.02344	0.0984288	0.315694	0.132021	0.112155	0.110168	0.109265	0.122268
7.8461	-15.2842	0.117454	0.147512	0.12781	0.142965	0.132609	0.161657	0.169992
-4.71473	-9.21619	0.0453188	0.0474524	0.0467697	0.0454894	0.0514637	0.708714	0.0547922
9.55839	1.13494	0.0362229	0.745975	0.0497678	0.0411765	0.0403251	0.0427245	0.0438081
-4.96321	-2.93082	0.131357	0.0870837	0.0945238	0.086596	0.255031	0.265764	0.0796439
-7.80021	9.08684	0.095794	0.106726	0.107652	0.314619	0.138225	0.115434	0.121549
3.4571	7.31626	0.0399752	0.0432091	0.757534	0.0477501	0.0352965	0.0399064	0.0363286
-7.53109	10.9166	0.109572	0.117968	0.128673	0.253149	0.141268	0.118388	0.130982
13.924	-1.48426	0.112447	0.203296	0.15275	0.119127	0.140726	0.124026	0.147629
-1.86007	-14.427	0.116343	0.122114	0.142659	0.125346	0.140351	0.187211	0.165974
9.46098	-3.64904	0.0914756	0.353748	0.109865	0.105189	0.0969301	0.0969301	0.145863
11.7063	-9.72919	0.119513	0.170563	0.120945	0.135735	0.124046	0.146947	0.182252
-5.03809	3.72318	0.110032	0.0683333	0.071717	0.433359	0.165703	0.0663685	0.0844885
11.2146	-0.629199	0.078655	0.494583	0.0866751	0.0828762	0.0813282	0.0807653	0.0951176
-7.87286	14.3209	0.112503	0.118884	0.148192	0.191208	0.157882	0.130466	0.140865
7.31506	-5.80101	0.0817088	0.137116	0.088251	0.0885183	0.0931909	0.0875833	0.423632
4.23103	-11.9115	0.106049	0.132113	0.116196	0.125746	0.123359	0.147831	0.248707
1.59353	-11.3517	0.100785	0.125503	0.121671	0.111132	0.12033	0.169381	0.251198
13.3314	8.66936	0.110458	0.165809	0.175116	0.137399	0.136174	0.137154	0.137889
2.04242	-3.08007	0.34393	0.0939597	0.0742965	0.0993759	0.071824	0.0917224	0.224891
-14.7834	5.94161	0.121495	0.140433	0.143876	0.163059	0.168224	0.135268	0.127644
-3.4103	-10.3252	0.0799251	0.0853973	0.0907257	0.0911578	0.0900058	0.452477	0.110311
-16.0772	-2.05911	0.121439	0.143892	0.129165	0.142202	0.189763	0.152825	0.120715
1.65893	0.480589	0.730667	0.0562483	0.0479126	0.0423788	0.039717	0.0404876	0.042589
1.48992	-17.0414	0.113895	0.141529	0.141012	0.13843	0.130682	0.162448	0.172004
6.01645	7.07023	0.0410714	0.0552019	0.735559	0.0431677	0.044177	0.0416149	0.0392081
15.2798	-4.49561	0.118193	0.176068	0.150183	0.116728	0.150916	0.129426	0.158486
-8.05513	8.25219	0.0927689	0.10388	0.121869	0.311993	0.136861	0.11605	0.116578
-16.108	-0.505076	0.108811	0.148291	0.12518	0.143958	0.188493	0.163216	0.122051
10.5035	-9.7663	0.113051	0.163421	0.117976	0.143721	0.128946	0.135885	0.197
-9.60127	-8.37732	0.116591	0.12856	0.12856	0.11948	0.165291	0.212134	0.129385
-6.69646	-8.72452	0.0768052	0.0788922	0.0818146	0.0809797	0.0989288	0.493391	0.0891888
5.98183	-17.147	0.116658	0.130998	0.142306	0.142581	0.12631	0.164093	0.177055
-7.30326	7.23992	0.0728755	0.0878715	0.0870825	0.475007	0.114443	0.0823467	0.0803735
7.27953	9.4304	0.0969296	0.127633	0.329704	0.122992	0.10532	0.113531	0.103892
-0.283979	7.21997	0.0964294	0.0795482	0.23318	0.340904	0.0814913	0.0887782	0.0796696
4.25848	10.1245	0.076511	0.0899102	0.493635	0.096208	0.0826745	0.0830764	0.0779845
7.32719	-9.0628	0.097706	0.125573	0.100085	0.106712	0.100765	0.113849	0.35531
-9.75601	-10.9682	0.119478	0.124285	0.130236	0.132525	0.152666	0.199359	0.141451
3.95604	11.4675	0.107819	0.122539	0.279105	0.140126	0.118524	0.116995	0.114892
-7.13971	-2.98198	0.0744087	0.0712618	0.0683177	0.0681149	0.51741	0.131459	0.0690286
9.73557	-1.52971	0.04308	0.717257	0.0428324	0.0467112	0.0465462	0.0473714	0.056202
17.1285	-2.3621	0.120081	0.187437	0.152624	0.12891	0.137487	0.124874	0.148587
-13.3932	10.2079	0.122684	0.127942	0.15348	0.166249	0.159489	0.136455	0.133701
-13.6498	11.7264	0.108201	0.138624	0.137302	0.181746	0.163757	0.13201	0.13836
1.04652	13.4362	0.12894	0.143827	0.184764	0.170753	0.124562	0.127408	0.119746
-17.1069	-1.59765	0.130503	0.126048	0.131551	0.152778	0.162736	0.161164	0.13522
14.0598	3.97148	0.1184	0.186286	0.155429	0.129829	0.147657	0.121371	0.141029
-16.9882	-6.34556	0.124467	0.141258	0.132996	0.135661	0.16791	0.17484	0.122868
-4.98885	-12.6904	0.114372	0.122141	0.131851	0.116098	0.140915	0.22486	0.149763
-5.92614	5.70065	0.0441154	0.042445	0.0490509	0.701215	0.0718297	0.0454821	0.0458618
-2.00493	-8.3089	0.0471448	0.0467433	0.0422456	0.0458598	0.047948	0.697695	0.0723635
10.5326	7.05189	0.11425	0.178963	0.196669	0.131956	0.123946	0.134907	0.119309
8.38092	-1.32526	0.044288	0.744651	0.0436483	0.039454	0.0384588	0.0390986	0.0504017
14.4367	-5.68497	0.123469	0.185203	0.138122	0.129474	0.1362	0.126832	0.160701
-16.3306	-7.6172	0.118943	0.133195	0.130345	0.141487	0.175693	0.164032	0.136305
-0.833706	-8.63032	0.0910167	0.08786	0.0911482	0.0891753	0.0843088	0.384585	0.171906
13.1789	5.28334	0.114472	0.181712	0.16496	0.129595	0.138669	0.130758	0.139832
3.04584	16.6258	0.119155	0.141026	0.17094	0.153846	0.141277	0.134992	0.138763
9.86914	0.757904	0.0408099	0.736075	0.0501851	0.0400221	0.0447491	0.0397857	0.0483731
-7.02804	-11.4765	0.111771	0.118134	0.1228	0.124072	0.140403	0.237752	0.145069
-16.256	0.293298	0.115059	0.150109	0.124003	0.154218	0.191443	0.140682	0.124486
-12.1295	-6.95485	0.120253	0.129395	0.138537	0.128926	0.172761	0.180497	0.12963
6.45716	8.4175	0.0596555	0.0724157	0.610166	0.0659297	0.0668864	0.0612503	0.0636964
-13.379	-9.5772	0.11775	0.125467	0.14115	0.139905	0.16928	0.173264	0.133184
14.108	-8.70535	0.108412	0.170063	0.142111	0.143939	0.13558	0.139237	0.160658
17.1146	-4.52685	0.11001	0.181439	0.155109	0.131126	0.140511	0.126695	0.155109
-3.1679	-1.91991	0.347963	0.0796758	0.0878975	0.0816105	0.161166	0.16177	0.0799177
9.34645	14.676	0.123822	0.142408	0.18534	0.151832	0.12356	0.137696	0.13534
13.2615	9.02207	0.113254	0.164441	0.170376	0.144164	0.130317	0.133037	0.144411
-10.9719	-2.23375	0.088226	0.0988446	0.100094	0.112274	0.382886	0.118208	0.0994691
-6.0142	8.0924	0.0437438	0.0497689	0.0478706	0.716903	0.0534005	0.0437438	0.0445692
-12.1533	6.26531	0.116253	0.131975	0.129761	0.165855	0.194641	0.143047	0.118468
10.7393	-2.26586	0.0847865	0.424684	0.0935057	0.0898976	0.103578	0.088094	0.115454
-3.06413	14.351	0.115894	0.132923	0.161306	0.192289	0.133869	0.12701	0.136708
3.97735	3.5725	0.134331	0.128342	0.447487	0.0718717	0.0693049	0.0808555	0.0678076
12.1885	6.76094	0.115255	0.173669	0.172096	0.12896	0.135925	0.137497	0.136599
10.4697	-9.93255	0.118705	0.154451	0.133094	0.133543	0.126124	0.14321	0.190872
-4.53037	0.163228	0.185503	0.0898408	0.0710597	0.0853378	0.411532	0.0852279	0.0714992
-11.9792	-6.43341	0.115188	0.133422	0.125639	0.130754	0.186346	0.172782	0.135868
13.998	-8.59115	0.112296	0.163857	0.147496	0.135597	0.138324	0.13411	0.168319
-3.55702	-3.93197	0.107305	0.0524347	0.0610436	0.0548696	0.0827827	0.582522	0.0590432
1.72426	-16.0286	0.123914	0.13633	0.129128	0.147753	0.129128	0.160665	0.173082
-1.27529	-5.71328	0.0864104	0.0558568	0.0611928	0.0507789	0.0566314	0.595232	0.0938978
-4.30362	11.9166	0.114065	0.118429	0.137671	0.25491	0.135687	0.107915	0.131323
-6.85781	-2.48652	0.0596734	0.0556734	0.0446531	0.0500408	0.641633	0.0994287	0.048898
-12.3694	6.01504	0.117422	0.131846	0.131395	0.168808	0.178724	0.144242	0.127564
11.231	9.26332	0.111334	0.163097	0.189647	0.133869	0.130522	0.137885	0.133646
1.50699	-1.34883	0.715079	0.0555275	0.0395904	0.0408884	0.037427	0.0461528	0.065335
5.52308	-0.0170673	0.0821413	0.672782	0.0551105	0.0391614	0.0512917	0.040659	0.0588544
-11.9055	-4.359	0.112307	0.126451	0.124129	0.134262	0.22187	0.154528	0.126451
-13.7677	-2.8671	0.106422	0.13211	0.125917	0.140596	0.207798	0.162156	0.125
0.0819446	-17.3552	0.110655	0.146085	0.129653	0.127599	0.137099	0.171502	0.177407
-9.48064	9.40689	0.12193	0.129102	0.12606	0.207564	0.161704	0.124973	0.128668
-5.18559	9.54003	0.0583472	0.0627842	0.0693291	0.614309	0.0721021	0.061786	0.0613422
8.0346	9.04825	0.105016	0.139583	0.296449	0.118354	0.109149	0.120045	0.111403
-0.0945875	-16.4462	0.115928	0.141129	0.133316	0.133065	0.131552	0.167843	0.177167
-4.92843	-16.735	0.116285	0.125032	0.133522	0.125804	0.160792	0.177772	0.160792
-6.21662	-5.46457	0.0541649	0.0488908	0.0516534	0.0523231	0.0884053	0.655169	0.049393
-6.69515	9.25586	0.0848138	0.0919202	0.103198	0.412637	0.120655	0.0960916	0.0906844
12.465	9.08175	0.120991	0.163751	0.188775	0.134354	0.129495	0.126579	0.136054
-3.64066	2.3584	0.257143	0.0862339	0.0855843	0.215325	0.177013	0.0864936	0.0922078
14.4337	-4.79596	0.112226	0.190621	0.139757	0.130191	0.139524	0.134391	0.15329
12.0625	0.403897	0.105291	0.334529	0.125381	0.0975785	0.117668	0.101704	0.117848
6.12954	1.48737	0.0619019	0.686085	0.0705605	0.0418503	0.0468631	0.0429135	0.0498253
-1.4535	-0.643925	0.730494	0.0406632	0.0389432	0.0426586	0.0540113	0.0518784	0.0413513
7.45554	15.3005	0.118888	0.149913	0.170762	0.162075	0.1241	0.143212	0.13105
2.96053	-4.29847	0.100378	0.0656869	0.0456918	0.059584	0.0449691	0.0554083	0.628282
-0.183982	-7.65941	0.100295	0.0840707	0.0899704	0.0941495	0.0864061	0.303343	0.241765
0.33125	-9.17226	0.100514	0.0987002	0.108374	0.104293	0.0971886	0.214329	0.276602
-3.2591	2.4716	0.282931	0.0864229	0.0859167	0.218018	0.154498	0.0840188	0.0881943
-7.41204	-15.1975	0.119217	0.123793	0.148195	0.126335	0.145653	0.178953	0.157855
-3.64751	-4.3721	0.0772087	0.0423178	0.0542318	0.0437104	0.0679249	0.665558	0.0490484
-2.22376	9.69781	0.0803571	0.0825569	0.112448	0.481884	0.081651	0.0824278	0.0786748
-8.33346	13.0564	0.116942	0.122933	0.149053	0.201294	0.152169	0.119099	0.138509
0.106669	10.3833	0.107481	0.111882	0.226303	0.210731	0.112729	0.115098	0.115775
-6.88286	-11.5711	0.108631	0.126105	0.133263	0.116	0.14	0.238316	0.137684
-3.6792	-8.41938	0.0361119	0.0402871	0.0391884	0.0394814	0.0389687	0.757398	0.0485643
15.7682	-4.04726	0.112207	0.186436	0.147719	0.133169	0.134895	0.133909	0.151665
-1.41426	10.2322	0.0930047	0.107892	0.164879	0.306387	0.114455	0.107892	0.105491
-1.11612	-17.9153	0.112384	0.14514	0.144873	0.126764	0.134221	0.170173	0.166445
1.59751	-7.36712	0.0539162	0.0482002	0.0457284	0.0497451	0.0447242	0.0773214	0.680364
-8.13669	-14.2976	0.116529	0.133783	0.136284	0.133033	0.149037	0.177794	0.153538
4.43955	15.6177	0.121032	0.153026	0.178323	0.158978	0.129216	0.137897	0.121528
-11.478	3.2782	0.106684	0.117825	0.114237	0.147092	0.270393	0.127832	0.115937
-16.9386	1.02755	0.113835	0.14661	0.135602	0.149112	0.178134	0.147861	0.128847
9.46047	-13.9025	0.111389	0.156344	0.136114	0.137862	0.133367	0.141109	0.183816
11.6803	1.91862	0.0971418	0.333509	0.128178	0.109416	0.112222	0.101525	0.118008
1.15589	15.0365	0.111137	0.140805	0.17895	0.165764	0.134919	0.134212	0.134212
0.637654	16.0362	0.116851	0.135793	0.182288	0.16679	0.135301	0.132349	0.130627
2.30391	6.17248	0.0577404	0.0466776	0.715795	0.0563843	0.0402541	0.0457497	0.0373992
7.34478	2.97338	0.0707501	0.549673	0.119434	0.0640216	0.0733226	0.0610528	0.0617454
7.12256	-12.1115	0.11984	0.142921	0.11984	0.133822	0.12783	0.141367	0.214381
-1.0983	-8.49489	0.0749288	0.0769415	0.0870027	0.0823863	0.0839251	0.455138	0.139678
0.741873	3.08591	0.493228	0.0693893	0.140863	0.0959575	0.063034	0.0748074	0.0627213
-8.20708	-11.7524	0.11705	0.117952	0.14276	0.127199	0.149526	0.198917	0.146594
-1.74506	13.8064	0.114141	0.127996	0.167583	0.190455	0.136794	0.132395	0.130636
-4.1327	-1.28314	0.237216	0.0993563	0.0823516	0.0876959	0.284951	0.129722	0.0787077
-13.8006	10.4229	0.119449	0.121746	0.139867	0.173303	0.169729	0.135784	0.140123
